2020/11/30-18:26:16.650360 1135a4e00 RocksDB version: 6.11.4
2020/11/30-18:26:16.650419 1135a4e00 Git sha rocksdb_build_git_sha:@48bfca38f6f175435052a59791922a1a453d9609@
2020/11/30-18:26:16.650422 1135a4e00 Compile date Nov 30 2020
2020/11/30-18:26:16.650423 1135a4e00 DB SUMMARY
2020/11/30-18:26:16.650682 1135a4e00 CURRENT file:  CURRENT
2020/11/30-18:26:16.650685 1135a4e00 IDENTITY file:  IDENTITY
2020/11/30-18:26:16.650692 1135a4e00 MANIFEST file:  MANIFEST-000391 size: 825 Bytes
2020/11/30-18:26:16.650694 1135a4e00 SST files in ./database/alphanet dir, Total Num: 0, files: 
2020/11/30-18:26:16.650696 1135a4e00 Write Ahead Log file in ./database/alphanet: 000392.log size: 0 ; 
2020/11/30-18:26:16.650710 1135a4e00                         Options.error_if_exists: 0
2020/11/30-18:26:16.650711 1135a4e00                       Options.create_if_missing: 1
2020/11/30-18:26:16.650712 1135a4e00                         Options.paranoid_checks: 1
2020/11/30-18:26:16.650713 1135a4e00                                     Options.env: 0x109dd04b8
2020/11/30-18:26:16.650714 1135a4e00                                      Options.fs: Posix File System
2020/11/30-18:26:16.650715 1135a4e00                                Options.info_log: 0x7fdb4fd1be00
2020/11/30-18:26:16.650716 1135a4e00                Options.max_file_opening_threads: 16
2020/11/30-18:26:16.650718 1135a4e00                              Options.statistics: 0x7fdb4fd1ac58
2020/11/30-18:26:16.650719 1135a4e00                               Options.use_fsync: 0
2020/11/30-18:26:16.650719 1135a4e00                       Options.max_log_file_size: 0
2020/11/30-18:26:16.650720 1135a4e00                  Options.max_manifest_file_size: 1073741824
2020/11/30-18:26:16.650722 1135a4e00                   Options.log_file_time_to_roll: 0
2020/11/30-18:26:16.650722 1135a4e00                       Options.keep_log_file_num: 1000
2020/11/30-18:26:16.650723 1135a4e00                    Options.recycle_log_file_num: 0
2020/11/30-18:26:16.650724 1135a4e00                         Options.allow_fallocate: 1
2020/11/30-18:26:16.650725 1135a4e00                        Options.allow_mmap_reads: 0
2020/11/30-18:26:16.650726 1135a4e00                       Options.allow_mmap_writes: 0
2020/11/30-18:26:16.650727 1135a4e00                        Options.use_direct_reads: 0
2020/11/30-18:26:16.650728 1135a4e00                        Options.use_direct_io_for_flush_and_compaction: 0
2020/11/30-18:26:16.650729 1135a4e00          Options.create_missing_column_families: 1
2020/11/30-18:26:16.650730 1135a4e00                              Options.db_log_dir: 
2020/11/30-18:26:16.650731 1135a4e00                                 Options.wal_dir: ./database/alphanet
2020/11/30-18:26:16.650732 1135a4e00                Options.table_cache_numshardbits: 6
2020/11/30-18:26:16.650733 1135a4e00                      Options.max_subcompactions: 1
2020/11/30-18:26:16.650734 1135a4e00                         Options.WAL_ttl_seconds: 0
2020/11/30-18:26:16.650735 1135a4e00                       Options.WAL_size_limit_MB: 0
2020/11/30-18:26:16.650736 1135a4e00                        Options.max_write_batch_group_size_bytes: 1048576
2020/11/30-18:26:16.650737 1135a4e00             Options.manifest_preallocation_size: 4194304
2020/11/30-18:26:16.650738 1135a4e00                     Options.is_fd_close_on_exec: 1
2020/11/30-18:26:16.650739 1135a4e00                   Options.advise_random_on_open: 1
2020/11/30-18:26:16.650740 1135a4e00                    Options.db_write_buffer_size: 0
2020/11/30-18:26:16.650741 1135a4e00                    Options.write_buffer_manager: 0x7fdb4fd1bd70
2020/11/30-18:26:16.650742 1135a4e00         Options.access_hint_on_compaction_start: 1
2020/11/30-18:26:16.650743 1135a4e00  Options.new_table_reader_for_compaction_inputs: 0
2020/11/30-18:26:16.650744 1135a4e00           Options.random_access_max_buffer_size: 1048576
2020/11/30-18:26:16.650745 1135a4e00                      Options.use_adaptive_mutex: 0
2020/11/30-18:26:16.650746 1135a4e00                            Options.rate_limiter: 0x0
2020/11/30-18:26:16.650747 1135a4e00     Options.sst_file_manager.rate_bytes_per_sec: 0
2020/11/30-18:26:16.650773 1135a4e00                       Options.wal_recovery_mode: 2
2020/11/30-18:26:16.650775 1135a4e00                  Options.enable_thread_tracking: 0
2020/11/30-18:26:16.650776 1135a4e00                  Options.enable_pipelined_write: 0
2020/11/30-18:26:16.650777 1135a4e00                  Options.unordered_write: 0
2020/11/30-18:26:16.650780 1135a4e00         Options.allow_concurrent_memtable_write: 1
2020/11/30-18:26:16.650781 1135a4e00      Options.enable_write_thread_adaptive_yield: 1
2020/11/30-18:26:16.650782 1135a4e00             Options.write_thread_max_yield_usec: 100
2020/11/30-18:26:16.650783 1135a4e00            Options.write_thread_slow_yield_usec: 3
2020/11/30-18:26:16.650784 1135a4e00                               Options.row_cache: None
2020/11/30-18:26:16.650785 1135a4e00                              Options.wal_filter: None
2020/11/30-18:26:16.650786 1135a4e00             Options.avoid_flush_during_recovery: 0
2020/11/30-18:26:16.650787 1135a4e00             Options.allow_ingest_behind: 0
2020/11/30-18:26:16.650788 1135a4e00             Options.preserve_deletes: 0
2020/11/30-18:26:16.650789 1135a4e00             Options.two_write_queues: 0
2020/11/30-18:26:16.650790 1135a4e00             Options.manual_wal_flush: 0
2020/11/30-18:26:16.650791 1135a4e00             Options.atomic_flush: 1
2020/11/30-18:26:16.650792 1135a4e00             Options.avoid_unnecessary_blocking_io: 0
2020/11/30-18:26:16.650793 1135a4e00                 Options.persist_stats_to_disk: 0
2020/11/30-18:26:16.650794 1135a4e00                 Options.write_dbid_to_manifest: 0
2020/11/30-18:26:16.650795 1135a4e00                 Options.log_readahead_size: 0
2020/11/30-18:26:16.650796 1135a4e00                 Options.file_checksum_gen_factory: Unknown
2020/11/30-18:26:16.650798 1135a4e00                 Options.best_efforts_recovery: 0
2020/11/30-18:26:16.650799 1135a4e00             Options.max_background_jobs: 12
2020/11/30-18:26:16.650800 1135a4e00             Options.max_background_compactions: -1
2020/11/30-18:26:16.650801 1135a4e00             Options.avoid_flush_during_shutdown: 0
2020/11/30-18:26:16.650802 1135a4e00           Options.writable_file_max_buffer_size: 1048576
2020/11/30-18:26:16.650803 1135a4e00             Options.delayed_write_rate : 16777216
2020/11/30-18:26:16.650804 1135a4e00             Options.max_total_wal_size: 0
2020/11/30-18:26:16.650805 1135a4e00             Options.delete_obsolete_files_period_micros: 21600000000
2020/11/30-18:26:16.650806 1135a4e00                   Options.stats_dump_period_sec: 600
2020/11/30-18:26:16.650807 1135a4e00                 Options.stats_persist_period_sec: 600
2020/11/30-18:26:16.650808 1135a4e00                 Options.stats_history_buffer_size: 1048576
2020/11/30-18:26:16.650809 1135a4e00                          Options.max_open_files: -1
2020/11/30-18:26:16.650810 1135a4e00                          Options.bytes_per_sync: 0
2020/11/30-18:26:16.650811 1135a4e00                      Options.wal_bytes_per_sync: 0
2020/11/30-18:26:16.650812 1135a4e00                   Options.strict_bytes_per_sync: 0
2020/11/30-18:26:16.650813 1135a4e00       Options.compaction_readahead_size: 0
2020/11/30-18:26:16.650814 1135a4e00                  Options.max_background_flushes: -1
2020/11/30-18:26:16.650815 1135a4e00 Compression algorithms supported:
2020/11/30-18:26:16.650816 1135a4e00 	kZSTD supported: 0
2020/11/30-18:26:16.650817 1135a4e00 	kZlibCompression supported: 0
2020/11/30-18:26:16.650818 1135a4e00 	kXpressCompression supported: 0
2020/11/30-18:26:16.650819 1135a4e00 	kSnappyCompression supported: 0
2020/11/30-18:26:16.650820 1135a4e00 	kZSTDNotFinalCompression supported: 0
2020/11/30-18:26:16.650821 1135a4e00 	kLZ4HCCompression supported: 0
2020/11/30-18:26:16.650822 1135a4e00 	kLZ4Compression supported: 0
2020/11/30-18:26:16.650823 1135a4e00 	kBZip2Compression supported: 0
2020/11/30-18:26:16.650827 1135a4e00 Fast CRC32 supported: Supported on x86
2020/11/30-18:26:16.650992 1135a4e00 [db/version_set.cc:4555] Recovering from manifest file: ./database/alphanet/MANIFEST-000391
2020/11/30-18:26:16.651070 1135a4e00 [db/column_family.cc:579] --------------- Options for column family [default]:
2020/11/30-18:26:16.651073 1135a4e00               Options.comparator: leveldb.BytewiseComparator
2020/11/30-18:26:16.651074 1135a4e00           Options.merge_operator: None
2020/11/30-18:26:16.651075 1135a4e00        Options.compaction_filter: None
2020/11/30-18:26:16.651076 1135a4e00        Options.compaction_filter_factory: None
2020/11/30-18:26:16.651077 1135a4e00         Options.memtable_factory: SkipListFactory
2020/11/30-18:26:16.651078 1135a4e00            Options.table_factory: BlockBasedTable
2020/11/30-18:26:16.651094 1135a4e00            table_factory options:   flush_block_policy_factory: FlushBlockBySizePolicyFactory (0x7fdb4fd1a490)
  cache_index_and_filter_blocks: 0
  cache_index_and_filter_blocks_with_high_priority: 1
  pin_l0_filter_and_index_blocks_in_cache: 0
  pin_top_level_index_and_filter: 1
  index_type: 0
  data_block_index_type: 0
  index_shortening: 1
  data_block_hash_table_util_ratio: 0.750000
  hash_index_allow_collision: 1
  checksum: 1
  no_block_cache: 0
  block_cache: 0x7fdb4fd1a4d8
  block_cache_name: LRUCache
  block_cache_options:
    capacity : 8388608
    num_shard_bits : 4
    strict_capacity_limit : 0
    memory_allocator : None
    high_pri_pool_ratio: 0.000
  block_cache_compressed: 0x0
  persistent_cache: 0x0
  block_size: 4096
  block_size_deviation: 10
  block_restart_interval: 16
  index_block_restart_interval: 1
  metadata_block_size: 4096
  partition_filters: 0
  use_delta_encoding: 1
  filter_policy: nullptr
  whole_key_filtering: 1
  verify_compression: 0
  read_amp_bytes_per_bit: 0
  format_version: 4
  enable_index_compression: 1
  block_align: 0
2020/11/30-18:26:16.651096 1135a4e00        Options.write_buffer_size: 67108864
2020/11/30-18:26:16.651097 1135a4e00  Options.max_write_buffer_number: 2
2020/11/30-18:26:16.651098 1135a4e00          Options.compression: NoCompression
2020/11/30-18:26:16.651100 1135a4e00                  Options.bottommost_compression: Disabled
2020/11/30-18:26:16.651101 1135a4e00       Options.prefix_extractor: nullptr
2020/11/30-18:26:16.651101 1135a4e00   Options.memtable_insert_with_hint_prefix_extractor: nullptr
2020/11/30-18:26:16.651103 1135a4e00             Options.num_levels: 7
2020/11/30-18:26:16.651103 1135a4e00        Options.min_write_buffer_number_to_merge: 1
2020/11/30-18:26:16.651105 1135a4e00     Options.max_write_buffer_number_to_maintain: 0
2020/11/30-18:26:16.651105 1135a4e00     Options.max_write_buffer_size_to_maintain: 0
2020/11/30-18:26:16.651106 1135a4e00            Options.bottommost_compression_opts.window_bits: -14
2020/11/30-18:26:16.651108 1135a4e00                  Options.bottommost_compression_opts.level: 32767
2020/11/30-18:26:16.651109 1135a4e00               Options.bottommost_compression_opts.strategy: 0
2020/11/30-18:26:16.651110 1135a4e00         Options.bottommost_compression_opts.max_dict_bytes: 0
2020/11/30-18:26:16.651111 1135a4e00         Options.bottommost_compression_opts.zstd_max_train_bytes: 0
2020/11/30-18:26:16.651112 1135a4e00         Options.bottommost_compression_opts.parallel_threads: 1
2020/11/30-18:26:16.651113 1135a4e00                  Options.bottommost_compression_opts.enabled: false
2020/11/30-18:26:16.651114 1135a4e00            Options.compression_opts.window_bits: -14
2020/11/30-18:26:16.651115 1135a4e00                  Options.compression_opts.level: 32767
2020/11/30-18:26:16.651116 1135a4e00               Options.compression_opts.strategy: 0
2020/11/30-18:26:16.651117 1135a4e00         Options.compression_opts.max_dict_bytes: 0
2020/11/30-18:26:16.651118 1135a4e00         Options.compression_opts.zstd_max_train_bytes: 0
2020/11/30-18:26:16.651119 1135a4e00         Options.compression_opts.parallel_threads: 1
2020/11/30-18:26:16.651119 1135a4e00                  Options.compression_opts.enabled: false
2020/11/30-18:26:16.651120 1135a4e00      Options.level0_file_num_compaction_trigger: 4
2020/11/30-18:26:16.651121 1135a4e00          Options.level0_slowdown_writes_trigger: 20
2020/11/30-18:26:16.651140 1135a4e00              Options.level0_stop_writes_trigger: 36
2020/11/30-18:26:16.651141 1135a4e00                   Options.target_file_size_base: 67108864
2020/11/30-18:26:16.651142 1135a4e00             Options.target_file_size_multiplier: 1
2020/11/30-18:26:16.651143 1135a4e00                Options.max_bytes_for_level_base: 268435456
2020/11/30-18:26:16.651144 1135a4e00 Options.level_compaction_dynamic_level_bytes: 0
2020/11/30-18:26:16.651145 1135a4e00          Options.max_bytes_for_level_multiplier: 10.000000
2020/11/30-18:26:16.651147 1135a4e00 Options.max_bytes_for_level_multiplier_addtl[0]: 1
2020/11/30-18:26:16.651148 1135a4e00 Options.max_bytes_for_level_multiplier_addtl[1]: 1
2020/11/30-18:26:16.651149 1135a4e00 Options.max_bytes_for_level_multiplier_addtl[2]: 1
2020/11/30-18:26:16.651150 1135a4e00 Options.max_bytes_for_level_multiplier_addtl[3]: 1
2020/11/30-18:26:16.651151 1135a4e00 Options.max_bytes_for_level_multiplier_addtl[4]: 1
2020/11/30-18:26:16.651152 1135a4e00 Options.max_bytes_for_level_multiplier_addtl[5]: 1
2020/11/30-18:26:16.651153 1135a4e00 Options.max_bytes_for_level_multiplier_addtl[6]: 1
2020/11/30-18:26:16.651154 1135a4e00       Options.max_sequential_skip_in_iterations: 8
2020/11/30-18:26:16.651155 1135a4e00                    Options.max_compaction_bytes: 1677721600
2020/11/30-18:26:16.651156 1135a4e00                        Options.arena_block_size: 8388608
2020/11/30-18:26:16.651157 1135a4e00   Options.soft_pending_compaction_bytes_limit: 68719476736
2020/11/30-18:26:16.651158 1135a4e00   Options.hard_pending_compaction_bytes_limit: 274877906944
2020/11/30-18:26:16.651159 1135a4e00       Options.rate_limit_delay_max_milliseconds: 100
2020/11/30-18:26:16.651160 1135a4e00                Options.disable_auto_compactions: 0
2020/11/30-18:26:16.651161 1135a4e00                        Options.compaction_style: kCompactionStyleLevel
2020/11/30-18:26:16.651162 1135a4e00                          Options.compaction_pri: kMinOverlappingRatio
2020/11/30-18:26:16.651163 1135a4e00 Options.compaction_options_universal.size_ratio: 1
2020/11/30-18:26:16.651164 1135a4e00 Options.compaction_options_universal.min_merge_width: 2
2020/11/30-18:26:16.651165 1135a4e00 Options.compaction_options_universal.max_merge_width: 4294967295
2020/11/30-18:26:16.651166 1135a4e00 Options.compaction_options_universal.max_size_amplification_percent: 200
2020/11/30-18:26:16.651167 1135a4e00 Options.compaction_options_universal.compression_size_percent: -1
2020/11/30-18:26:16.651169 1135a4e00 Options.compaction_options_universal.stop_style: kCompactionStopStyleTotalSize
2020/11/30-18:26:16.651170 1135a4e00 Options.compaction_options_fifo.max_table_files_size: 1073741824
2020/11/30-18:26:16.651171 1135a4e00 Options.compaction_options_fifo.allow_compaction: 0
2020/11/30-18:26:16.651175 1135a4e00                   Options.table_properties_collectors: 
2020/11/30-18:26:16.651177 1135a4e00                   Options.inplace_update_support: 0
2020/11/30-18:26:16.651178 1135a4e00                 Options.inplace_update_num_locks: 10000
2020/11/30-18:26:16.651179 1135a4e00               Options.memtable_prefix_bloom_size_ratio: 0.000000
2020/11/30-18:26:16.651180 1135a4e00               Options.memtable_whole_key_filtering: 0
2020/11/30-18:26:16.651181 1135a4e00   Options.memtable_huge_page_size: 0
2020/11/30-18:26:16.651182 1135a4e00                           Options.bloom_locality: 0
2020/11/30-18:26:16.651183 1135a4e00                    Options.max_successive_merges: 0
2020/11/30-18:26:16.651184 1135a4e00                Options.optimize_filters_for_hits: 0
2020/11/30-18:26:16.651185 1135a4e00                Options.paranoid_file_checks: 0
2020/11/30-18:26:16.651186 1135a4e00                Options.force_consistency_checks: 0
2020/11/30-18:26:16.651186 1135a4e00                Options.report_bg_io_stats: 0
2020/11/30-18:26:16.651187 1135a4e00                               Options.ttl: 2592000
2020/11/30-18:26:16.651188 1135a4e00          Options.periodic_compaction_seconds: 0
2020/11/30-18:26:16.651295 1135a4e00 [db/column_family.cc:579] --------------- Options for column family [message_id_to_message]:
2020/11/30-18:26:16.651297 1135a4e00               Options.comparator: leveldb.BytewiseComparator
2020/11/30-18:26:16.651299 1135a4e00           Options.merge_operator: None
2020/11/30-18:26:16.651300 1135a4e00        Options.compaction_filter: None
2020/11/30-18:26:16.651301 1135a4e00        Options.compaction_filter_factory: None
2020/11/30-18:26:16.651302 1135a4e00         Options.memtable_factory: SkipListFactory
2020/11/30-18:26:16.651303 1135a4e00            Options.table_factory: BlockBasedTable
2020/11/30-18:26:16.651317 1135a4e00            table_factory options:   flush_block_policy_factory: FlushBlockBySizePolicyFactory (0x7fdb4fd13c10)
  cache_index_and_filter_blocks: 0
  cache_index_and_filter_blocks_with_high_priority: 1
  pin_l0_filter_and_index_blocks_in_cache: 0
  pin_top_level_index_and_filter: 1
  index_type: 0
  data_block_index_type: 0
  index_shortening: 1
  data_block_hash_table_util_ratio: 0.750000
  hash_index_allow_collision: 1
  checksum: 1
  no_block_cache: 0
  block_cache: 0x7fdb4fd146f8
  block_cache_name: LRUCache
  block_cache_options:
    capacity : 8388608
    num_shard_bits : 4
    strict_capacity_limit : 0
    memory_allocator : None
    high_pri_pool_ratio: 0.000
  block_cache_compressed: 0x0
  persistent_cache: 0x0
  block_size: 4096
  block_size_deviation: 10
  block_restart_interval: 16
  index_block_restart_interval: 1
  metadata_block_size: 4096
  partition_filters: 0
  use_delta_encoding: 1
  filter_policy: nullptr
  whole_key_filtering: 1
  verify_compression: 0
  read_amp_bytes_per_bit: 0
  format_version: 4
  enable_index_compression: 1
  block_align: 0
2020/11/30-18:26:16.651319 1135a4e00        Options.write_buffer_size: 67108864
2020/11/30-18:26:16.651320 1135a4e00  Options.max_write_buffer_number: 2
2020/11/30-18:26:16.651321 1135a4e00          Options.compression: NoCompression
2020/11/30-18:26:16.651322 1135a4e00                  Options.bottommost_compression: Disabled
2020/11/30-18:26:16.651323 1135a4e00       Options.prefix_extractor: nullptr
2020/11/30-18:26:16.651323 1135a4e00   Options.memtable_insert_with_hint_prefix_extractor: nullptr
2020/11/30-18:26:16.651325 1135a4e00             Options.num_levels: 7
2020/11/30-18:26:16.651325 1135a4e00        Options.min_write_buffer_number_to_merge: 1
2020/11/30-18:26:16.651326 1135a4e00     Options.max_write_buffer_number_to_maintain: 0
2020/11/30-18:26:16.651327 1135a4e00     Options.max_write_buffer_size_to_maintain: 0
2020/11/30-18:26:16.651328 1135a4e00            Options.bottommost_compression_opts.window_bits: -14
2020/11/30-18:26:16.651329 1135a4e00                  Options.bottommost_compression_opts.level: 32767
2020/11/30-18:26:16.651330 1135a4e00               Options.bottommost_compression_opts.strategy: 0
2020/11/30-18:26:16.651331 1135a4e00         Options.bottommost_compression_opts.max_dict_bytes: 0
2020/11/30-18:26:16.651332 1135a4e00         Options.bottommost_compression_opts.zstd_max_train_bytes: 0
2020/11/30-18:26:16.651333 1135a4e00         Options.bottommost_compression_opts.parallel_threads: 1
2020/11/30-18:26:16.651334 1135a4e00                  Options.bottommost_compression_opts.enabled: false
2020/11/30-18:26:16.651335 1135a4e00            Options.compression_opts.window_bits: -14
2020/11/30-18:26:16.651336 1135a4e00                  Options.compression_opts.level: 32767
2020/11/30-18:26:16.651337 1135a4e00               Options.compression_opts.strategy: 0
2020/11/30-18:26:16.651338 1135a4e00         Options.compression_opts.max_dict_bytes: 0
2020/11/30-18:26:16.651339 1135a4e00         Options.compression_opts.zstd_max_train_bytes: 0
2020/11/30-18:26:16.651340 1135a4e00         Options.compression_opts.parallel_threads: 1
2020/11/30-18:26:16.651341 1135a4e00                  Options.compression_opts.enabled: false
2020/11/30-18:26:16.651342 1135a4e00      Options.level0_file_num_compaction_trigger: 4
2020/11/30-18:26:16.651343 1135a4e00          Options.level0_slowdown_writes_trigger: 20
2020/11/30-18:26:16.651362 1135a4e00              Options.level0_stop_writes_trigger: 36
2020/11/30-18:26:16.651363 1135a4e00                   Options.target_file_size_base: 67108864
2020/11/30-18:26:16.651364 1135a4e00             Options.target_file_size_multiplier: 1
2020/11/30-18:26:16.651365 1135a4e00                Options.max_bytes_for_level_base: 268435456
2020/11/30-18:26:16.651366 1135a4e00 Options.level_compaction_dynamic_level_bytes: 0
2020/11/30-18:26:16.651367 1135a4e00          Options.max_bytes_for_level_multiplier: 10.000000
2020/11/30-18:26:16.651368 1135a4e00 Options.max_bytes_for_level_multiplier_addtl[0]: 1
2020/11/30-18:26:16.651369 1135a4e00 Options.max_bytes_for_level_multiplier_addtl[1]: 1
2020/11/30-18:26:16.651370 1135a4e00 Options.max_bytes_for_level_multiplier_addtl[2]: 1
2020/11/30-18:26:16.651371 1135a4e00 Options.max_bytes_for_level_multiplier_addtl[3]: 1
2020/11/30-18:26:16.651372 1135a4e00 Options.max_bytes_for_level_multiplier_addtl[4]: 1
2020/11/30-18:26:16.651373 1135a4e00 Options.max_bytes_for_level_multiplier_addtl[5]: 1
2020/11/30-18:26:16.651374 1135a4e00 Options.max_bytes_for_level_multiplier_addtl[6]: 1
2020/11/30-18:26:16.651375 1135a4e00       Options.max_sequential_skip_in_iterations: 8
2020/11/30-18:26:16.651376 1135a4e00                    Options.max_compaction_bytes: 1677721600
2020/11/30-18:26:16.651377 1135a4e00                        Options.arena_block_size: 8388608
2020/11/30-18:26:16.651378 1135a4e00   Options.soft_pending_compaction_bytes_limit: 68719476736
2020/11/30-18:26:16.651379 1135a4e00   Options.hard_pending_compaction_bytes_limit: 274877906944
2020/11/30-18:26:16.651380 1135a4e00       Options.rate_limit_delay_max_milliseconds: 100
2020/11/30-18:26:16.651381 1135a4e00                Options.disable_auto_compactions: 0
2020/11/30-18:26:16.651382 1135a4e00                        Options.compaction_style: kCompactionStyleLevel
2020/11/30-18:26:16.651383 1135a4e00                          Options.compaction_pri: kMinOverlappingRatio
2020/11/30-18:26:16.651384 1135a4e00 Options.compaction_options_universal.size_ratio: 1
2020/11/30-18:26:16.651385 1135a4e00 Options.compaction_options_universal.min_merge_width: 2
2020/11/30-18:26:16.651386 1135a4e00 Options.compaction_options_universal.max_merge_width: 4294967295
2020/11/30-18:26:16.651387 1135a4e00 Options.compaction_options_universal.max_size_amplification_percent: 200
2020/11/30-18:26:16.651388 1135a4e00 Options.compaction_options_universal.compression_size_percent: -1
2020/11/30-18:26:16.651389 1135a4e00 Options.compaction_options_universal.stop_style: kCompactionStopStyleTotalSize
2020/11/30-18:26:16.651390 1135a4e00 Options.compaction_options_fifo.max_table_files_size: 1073741824
2020/11/30-18:26:16.651391 1135a4e00 Options.compaction_options_fifo.allow_compaction: 0
2020/11/30-18:26:16.651392 1135a4e00                   Options.table_properties_collectors: 
2020/11/30-18:26:16.651393 1135a4e00                   Options.inplace_update_support: 0
2020/11/30-18:26:16.651394 1135a4e00                 Options.inplace_update_num_locks: 10000
2020/11/30-18:26:16.651395 1135a4e00               Options.memtable_prefix_bloom_size_ratio: 0.000000
2020/11/30-18:26:16.651397 1135a4e00               Options.memtable_whole_key_filtering: 0
2020/11/30-18:26:16.651398 1135a4e00   Options.memtable_huge_page_size: 0
2020/11/30-18:26:16.651399 1135a4e00                           Options.bloom_locality: 0
2020/11/30-18:26:16.651400 1135a4e00                    Options.max_successive_merges: 0
2020/11/30-18:26:16.651401 1135a4e00                Options.optimize_filters_for_hits: 0
2020/11/30-18:26:16.651402 1135a4e00                Options.paranoid_file_checks: 0
2020/11/30-18:26:16.651403 1135a4e00                Options.force_consistency_checks: 0
2020/11/30-18:26:16.651405 1135a4e00                Options.report_bg_io_stats: 0
2020/11/30-18:26:16.651406 1135a4e00                               Options.ttl: 2592000
2020/11/30-18:26:16.651408 1135a4e00          Options.periodic_compaction_seconds: 0
2020/11/30-18:26:16.651489 1135a4e00 [db/column_family.cc:579] --------------- Options for column family [message_id_to_message_id]:
2020/11/30-18:26:16.651492 1135a4e00               Options.comparator: leveldb.BytewiseComparator
2020/11/30-18:26:16.651493 1135a4e00           Options.merge_operator: None
2020/11/30-18:26:16.651494 1135a4e00        Options.compaction_filter: None
2020/11/30-18:26:16.651495 1135a4e00        Options.compaction_filter_factory: None
2020/11/30-18:26:16.651496 1135a4e00         Options.memtable_factory: SkipListFactory
2020/11/30-18:26:16.651497 1135a4e00            Options.table_factory: BlockBasedTable
2020/11/30-18:26:16.651511 1135a4e00            table_factory options:   flush_block_policy_factory: FlushBlockBySizePolicyFactory (0x7fdb4fd15dd0)
  cache_index_and_filter_blocks: 0
  cache_index_and_filter_blocks_with_high_priority: 1
  pin_l0_filter_and_index_blocks_in_cache: 0
  pin_top_level_index_and_filter: 1
  index_type: 0
  data_block_index_type: 0
  index_shortening: 1
  data_block_hash_table_util_ratio: 0.750000
  hash_index_allow_collision: 1
  checksum: 1
  no_block_cache: 0
  block_cache: 0x7fdb4fd15e18
  block_cache_name: LRUCache
  block_cache_options:
    capacity : 8388608
    num_shard_bits : 4
    strict_capacity_limit : 0
    memory_allocator : None
    high_pri_pool_ratio: 0.000
  block_cache_compressed: 0x0
  persistent_cache: 0x0
  block_size: 4096
  block_size_deviation: 10
  block_restart_interval: 16
  index_block_restart_interval: 1
  metadata_block_size: 4096
  partition_filters: 0
  use_delta_encoding: 1
  filter_policy: nullptr
  whole_key_filtering: 1
  verify_compression: 0
  read_amp_bytes_per_bit: 0
  format_version: 4
  enable_index_compression: 1
  block_align: 0
2020/11/30-18:26:16.651512 1135a4e00        Options.write_buffer_size: 67108864
2020/11/30-18:26:16.651513 1135a4e00  Options.max_write_buffer_number: 2
2020/11/30-18:26:16.651514 1135a4e00          Options.compression: NoCompression
2020/11/30-18:26:16.651515 1135a4e00                  Options.bottommost_compression: Disabled
2020/11/30-18:26:16.651516 1135a4e00       Options.prefix_extractor: rocksdb.FixedPrefix.32
2020/11/30-18:26:16.651517 1135a4e00   Options.memtable_insert_with_hint_prefix_extractor: nullptr
2020/11/30-18:26:16.651518 1135a4e00             Options.num_levels: 7
2020/11/30-18:26:16.651519 1135a4e00        Options.min_write_buffer_number_to_merge: 1
2020/11/30-18:26:16.651520 1135a4e00     Options.max_write_buffer_number_to_maintain: 0
2020/11/30-18:26:16.651521 1135a4e00     Options.max_write_buffer_size_to_maintain: 0
2020/11/30-18:26:16.651522 1135a4e00            Options.bottommost_compression_opts.window_bits: -14
2020/11/30-18:26:16.651523 1135a4e00                  Options.bottommost_compression_opts.level: 32767
2020/11/30-18:26:16.651524 1135a4e00               Options.bottommost_compression_opts.strategy: 0
2020/11/30-18:26:16.651525 1135a4e00         Options.bottommost_compression_opts.max_dict_bytes: 0
2020/11/30-18:26:16.651526 1135a4e00         Options.bottommost_compression_opts.zstd_max_train_bytes: 0
2020/11/30-18:26:16.651527 1135a4e00         Options.bottommost_compression_opts.parallel_threads: 1
2020/11/30-18:26:16.651528 1135a4e00                  Options.bottommost_compression_opts.enabled: false
2020/11/30-18:26:16.651529 1135a4e00            Options.compression_opts.window_bits: -14
2020/11/30-18:26:16.651530 1135a4e00                  Options.compression_opts.level: 32767
2020/11/30-18:26:16.651531 1135a4e00               Options.compression_opts.strategy: 0
2020/11/30-18:26:16.651532 1135a4e00         Options.compression_opts.max_dict_bytes: 0
2020/11/30-18:26:16.651533 1135a4e00         Options.compression_opts.zstd_max_train_bytes: 0
2020/11/30-18:26:16.651534 1135a4e00         Options.compression_opts.parallel_threads: 1
2020/11/30-18:26:16.651535 1135a4e00                  Options.compression_opts.enabled: false
2020/11/30-18:26:16.651536 1135a4e00      Options.level0_file_num_compaction_trigger: 4
2020/11/30-18:26:16.651537 1135a4e00          Options.level0_slowdown_writes_trigger: 20
2020/11/30-18:26:16.651556 1135a4e00              Options.level0_stop_writes_trigger: 36
2020/11/30-18:26:16.651558 1135a4e00                   Options.target_file_size_base: 67108864
2020/11/30-18:26:16.651559 1135a4e00             Options.target_file_size_multiplier: 1
2020/11/30-18:26:16.651560 1135a4e00                Options.max_bytes_for_level_base: 268435456
2020/11/30-18:26:16.651561 1135a4e00 Options.level_compaction_dynamic_level_bytes: 0
2020/11/30-18:26:16.651562 1135a4e00          Options.max_bytes_for_level_multiplier: 10.000000
2020/11/30-18:26:16.651563 1135a4e00 Options.max_bytes_for_level_multiplier_addtl[0]: 1
2020/11/30-18:26:16.651564 1135a4e00 Options.max_bytes_for_level_multiplier_addtl[1]: 1
2020/11/30-18:26:16.651565 1135a4e00 Options.max_bytes_for_level_multiplier_addtl[2]: 1
2020/11/30-18:26:16.651566 1135a4e00 Options.max_bytes_for_level_multiplier_addtl[3]: 1
2020/11/30-18:26:16.651567 1135a4e00 Options.max_bytes_for_level_multiplier_addtl[4]: 1
2020/11/30-18:26:16.651568 1135a4e00 Options.max_bytes_for_level_multiplier_addtl[5]: 1
2020/11/30-18:26:16.651569 1135a4e00 Options.max_bytes_for_level_multiplier_addtl[6]: 1
2020/11/30-18:26:16.651570 1135a4e00       Options.max_sequential_skip_in_iterations: 8
2020/11/30-18:26:16.651571 1135a4e00                    Options.max_compaction_bytes: 1677721600
2020/11/30-18:26:16.651572 1135a4e00                        Options.arena_block_size: 8388608
2020/11/30-18:26:16.651573 1135a4e00   Options.soft_pending_compaction_bytes_limit: 68719476736
2020/11/30-18:26:16.651574 1135a4e00   Options.hard_pending_compaction_bytes_limit: 274877906944
2020/11/30-18:26:16.651575 1135a4e00       Options.rate_limit_delay_max_milliseconds: 100
2020/11/30-18:26:16.651576 1135a4e00                Options.disable_auto_compactions: 0
2020/11/30-18:26:16.651577 1135a4e00                        Options.compaction_style: kCompactionStyleLevel
2020/11/30-18:26:16.651578 1135a4e00                          Options.compaction_pri: kMinOverlappingRatio
2020/11/30-18:26:16.651579 1135a4e00 Options.compaction_options_universal.size_ratio: 1
2020/11/30-18:26:16.651580 1135a4e00 Options.compaction_options_universal.min_merge_width: 2
2020/11/30-18:26:16.651581 1135a4e00 Options.compaction_options_universal.max_merge_width: 4294967295
2020/11/30-18:26:16.651582 1135a4e00 Options.compaction_options_universal.max_size_amplification_percent: 200
2020/11/30-18:26:16.651583 1135a4e00 Options.compaction_options_universal.compression_size_percent: -1
2020/11/30-18:26:16.651584 1135a4e00 Options.compaction_options_universal.stop_style: kCompactionStopStyleTotalSize
2020/11/30-18:26:16.651585 1135a4e00 Options.compaction_options_fifo.max_table_files_size: 1073741824
2020/11/30-18:26:16.651586 1135a4e00 Options.compaction_options_fifo.allow_compaction: 0
2020/11/30-18:26:16.651587 1135a4e00                   Options.table_properties_collectors: 
2020/11/30-18:26:16.651588 1135a4e00                   Options.inplace_update_support: 0
2020/11/30-18:26:16.651589 1135a4e00                 Options.inplace_update_num_locks: 10000
2020/11/30-18:26:16.651590 1135a4e00               Options.memtable_prefix_bloom_size_ratio: 0.000000
2020/11/30-18:26:16.651591 1135a4e00               Options.memtable_whole_key_filtering: 0
2020/11/30-18:26:16.651592 1135a4e00   Options.memtable_huge_page_size: 0
2020/11/30-18:26:16.651593 1135a4e00                           Options.bloom_locality: 0
2020/11/30-18:26:16.651594 1135a4e00                    Options.max_successive_merges: 0
2020/11/30-18:26:16.651595 1135a4e00                Options.optimize_filters_for_hits: 0
2020/11/30-18:26:16.651596 1135a4e00                Options.paranoid_file_checks: 0
2020/11/30-18:26:16.651597 1135a4e00                Options.force_consistency_checks: 0
2020/11/30-18:26:16.651598 1135a4e00                Options.report_bg_io_stats: 0
2020/11/30-18:26:16.651599 1135a4e00                               Options.ttl: 2592000
2020/11/30-18:26:16.651600 1135a4e00          Options.periodic_compaction_seconds: 0
2020/11/30-18:26:16.651650 1135a4e00 [db/column_family.cc:579] --------------- Options for column family [index_to_message_id]:
2020/11/30-18:26:16.651652 1135a4e00               Options.comparator: leveldb.BytewiseComparator
2020/11/30-18:26:16.651653 1135a4e00           Options.merge_operator: None
2020/11/30-18:26:16.651654 1135a4e00        Options.compaction_filter: None
2020/11/30-18:26:16.651655 1135a4e00        Options.compaction_filter_factory: None
2020/11/30-18:26:16.651656 1135a4e00         Options.memtable_factory: SkipListFactory
2020/11/30-18:26:16.651657 1135a4e00            Options.table_factory: BlockBasedTable
2020/11/30-18:26:16.651670 1135a4e00            table_factory options:   flush_block_policy_factory: FlushBlockBySizePolicyFactory (0x7fdb4fd169c0)
  cache_index_and_filter_blocks: 0
  cache_index_and_filter_blocks_with_high_priority: 1
  pin_l0_filter_and_index_blocks_in_cache: 0
  pin_top_level_index_and_filter: 1
  index_type: 0
  data_block_index_type: 0
  index_shortening: 1
  data_block_hash_table_util_ratio: 0.750000
  hash_index_allow_collision: 1
  checksum: 1
  no_block_cache: 0
  block_cache: 0x7fdb4fd16a08
  block_cache_name: LRUCache
  block_cache_options:
    capacity : 8388608
    num_shard_bits : 4
    strict_capacity_limit : 0
    memory_allocator : None
    high_pri_pool_ratio: 0.000
  block_cache_compressed: 0x0
  persistent_cache: 0x0
  block_size: 4096
  block_size_deviation: 10
  block_restart_interval: 16
  index_block_restart_interval: 1
  metadata_block_size: 4096
  partition_filters: 0
  use_delta_encoding: 1
  filter_policy: nullptr
  whole_key_filtering: 1
  verify_compression: 0
  read_amp_bytes_per_bit: 0
  format_version: 4
  enable_index_compression: 1
  block_align: 0
2020/11/30-18:26:16.651671 1135a4e00        Options.write_buffer_size: 67108864
2020/11/30-18:26:16.651672 1135a4e00  Options.max_write_buffer_number: 2
2020/11/30-18:26:16.651673 1135a4e00          Options.compression: NoCompression
2020/11/30-18:26:16.651674 1135a4e00                  Options.bottommost_compression: Disabled
2020/11/30-18:26:16.651675 1135a4e00       Options.prefix_extractor: rocksdb.FixedPrefix.32
2020/11/30-18:26:16.651676 1135a4e00   Options.memtable_insert_with_hint_prefix_extractor: nullptr
2020/11/30-18:26:16.651677 1135a4e00             Options.num_levels: 7
2020/11/30-18:26:16.651678 1135a4e00        Options.min_write_buffer_number_to_merge: 1
2020/11/30-18:26:16.651679 1135a4e00     Options.max_write_buffer_number_to_maintain: 0
2020/11/30-18:26:16.651680 1135a4e00     Options.max_write_buffer_size_to_maintain: 0
2020/11/30-18:26:16.651681 1135a4e00            Options.bottommost_compression_opts.window_bits: -14
2020/11/30-18:26:16.651682 1135a4e00                  Options.bottommost_compression_opts.level: 32767
2020/11/30-18:26:16.651683 1135a4e00               Options.bottommost_compression_opts.strategy: 0
2020/11/30-18:26:16.651684 1135a4e00         Options.bottommost_compression_opts.max_dict_bytes: 0
2020/11/30-18:26:16.651685 1135a4e00         Options.bottommost_compression_opts.zstd_max_train_bytes: 0
2020/11/30-18:26:16.651686 1135a4e00         Options.bottommost_compression_opts.parallel_threads: 1
2020/11/30-18:26:16.651687 1135a4e00                  Options.bottommost_compression_opts.enabled: false
2020/11/30-18:26:16.651688 1135a4e00            Options.compression_opts.window_bits: -14
2020/11/30-18:26:16.651689 1135a4e00                  Options.compression_opts.level: 32767
2020/11/30-18:26:16.651690 1135a4e00               Options.compression_opts.strategy: 0
2020/11/30-18:26:16.651691 1135a4e00         Options.compression_opts.max_dict_bytes: 0
2020/11/30-18:26:16.651692 1135a4e00         Options.compression_opts.zstd_max_train_bytes: 0
2020/11/30-18:26:16.651693 1135a4e00         Options.compression_opts.parallel_threads: 1
2020/11/30-18:26:16.651694 1135a4e00                  Options.compression_opts.enabled: false
2020/11/30-18:26:16.651695 1135a4e00      Options.level0_file_num_compaction_trigger: 4
2020/11/30-18:26:16.651712 1135a4e00          Options.level0_slowdown_writes_trigger: 20
2020/11/30-18:26:16.651713 1135a4e00              Options.level0_stop_writes_trigger: 36
2020/11/30-18:26:16.651714 1135a4e00                   Options.target_file_size_base: 67108864
2020/11/30-18:26:16.651715 1135a4e00             Options.target_file_size_multiplier: 1
2020/11/30-18:26:16.651716 1135a4e00                Options.max_bytes_for_level_base: 268435456
2020/11/30-18:26:16.651717 1135a4e00 Options.level_compaction_dynamic_level_bytes: 0
2020/11/30-18:26:16.651718 1135a4e00          Options.max_bytes_for_level_multiplier: 10.000000
2020/11/30-18:26:16.651719 1135a4e00 Options.max_bytes_for_level_multiplier_addtl[0]: 1
2020/11/30-18:26:16.651720 1135a4e00 Options.max_bytes_for_level_multiplier_addtl[1]: 1
2020/11/30-18:26:16.651721 1135a4e00 Options.max_bytes_for_level_multiplier_addtl[2]: 1
2020/11/30-18:26:16.651722 1135a4e00 Options.max_bytes_for_level_multiplier_addtl[3]: 1
2020/11/30-18:26:16.651723 1135a4e00 Options.max_bytes_for_level_multiplier_addtl[4]: 1
2020/11/30-18:26:16.651724 1135a4e00 Options.max_bytes_for_level_multiplier_addtl[5]: 1
2020/11/30-18:26:16.651725 1135a4e00 Options.max_bytes_for_level_multiplier_addtl[6]: 1
2020/11/30-18:26:16.651726 1135a4e00       Options.max_sequential_skip_in_iterations: 8
2020/11/30-18:26:16.651727 1135a4e00                    Options.max_compaction_bytes: 1677721600
2020/11/30-18:26:16.651728 1135a4e00                        Options.arena_block_size: 8388608
2020/11/30-18:26:16.651729 1135a4e00   Options.soft_pending_compaction_bytes_limit: 68719476736
2020/11/30-18:26:16.651731 1135a4e00   Options.hard_pending_compaction_bytes_limit: 274877906944
2020/11/30-18:26:16.651732 1135a4e00       Options.rate_limit_delay_max_milliseconds: 100
2020/11/30-18:26:16.651733 1135a4e00                Options.disable_auto_compactions: 0
2020/11/30-18:26:16.651734 1135a4e00                        Options.compaction_style: kCompactionStyleLevel
2020/11/30-18:26:16.651735 1135a4e00                          Options.compaction_pri: kMinOverlappingRatio
2020/11/30-18:26:16.651736 1135a4e00 Options.compaction_options_universal.size_ratio: 1
2020/11/30-18:26:16.651737 1135a4e00 Options.compaction_options_universal.min_merge_width: 2
2020/11/30-18:26:16.651738 1135a4e00 Options.compaction_options_universal.max_merge_width: 4294967295
2020/11/30-18:26:16.651739 1135a4e00 Options.compaction_options_universal.max_size_amplification_percent: 200
2020/11/30-18:26:16.651741 1135a4e00 Options.compaction_options_universal.compression_size_percent: -1
2020/11/30-18:26:16.651743 1135a4e00 Options.compaction_options_universal.stop_style: kCompactionStopStyleTotalSize
2020/11/30-18:26:16.651744 1135a4e00 Options.compaction_options_fifo.max_table_files_size: 1073741824
2020/11/30-18:26:16.651745 1135a4e00 Options.compaction_options_fifo.allow_compaction: 0
2020/11/30-18:26:16.651746 1135a4e00                   Options.table_properties_collectors: 
