2020/11/30-17:11:31.949616 10711ce00 RocksDB version: 6.11.4
2020/11/30-17:11:31.949670 10711ce00 Git sha rocksdb_build_git_sha:@48bfca38f6f175435052a59791922a1a453d9609@
2020/11/30-17:11:31.949673 10711ce00 Compile date Nov 30 2020
2020/11/30-17:11:31.949675 10711ce00 DB SUMMARY
2020/11/30-17:11:31.949865 10711ce00 CURRENT file:  CURRENT
2020/11/30-17:11:31.949867 10711ce00 IDENTITY file:  IDENTITY
2020/11/30-17:11:31.949874 10711ce00 MANIFEST file:  MANIFEST-000364 size: 825 Bytes
2020/11/30-17:11:31.949876 10711ce00 SST files in ./database/alphanet dir, Total Num: 0, files: 
2020/11/30-17:11:31.949878 10711ce00 Write Ahead Log file in ./database/alphanet: 000365.log size: 0 ; 
2020/11/30-17:11:31.949891 10711ce00                         Options.error_if_exists: 0
2020/11/30-17:11:31.949892 10711ce00                       Options.create_if_missing: 1
2020/11/30-17:11:31.949893 10711ce00                         Options.paranoid_checks: 1
2020/11/30-17:11:31.949894 10711ce00                                     Options.env: 0x1012904b8
2020/11/30-17:11:31.949895 10711ce00                                      Options.fs: Posix File System
2020/11/30-17:11:31.949896 10711ce00                                Options.info_log: 0x7fe8aa51aaa0
2020/11/30-17:11:31.949897 10711ce00                Options.max_file_opening_threads: 16
2020/11/30-17:11:31.949898 10711ce00                              Options.statistics: 0x7fe8aa5198e8
2020/11/30-17:11:31.949899 10711ce00                               Options.use_fsync: 0
2020/11/30-17:11:31.949900 10711ce00                       Options.max_log_file_size: 0
2020/11/30-17:11:31.949901 10711ce00                  Options.max_manifest_file_size: 1073741824
2020/11/30-17:11:31.949902 10711ce00                   Options.log_file_time_to_roll: 0
2020/11/30-17:11:31.949903 10711ce00                       Options.keep_log_file_num: 1000
2020/11/30-17:11:31.949904 10711ce00                    Options.recycle_log_file_num: 0
2020/11/30-17:11:31.949904 10711ce00                         Options.allow_fallocate: 1
2020/11/30-17:11:31.949905 10711ce00                        Options.allow_mmap_reads: 0
2020/11/30-17:11:31.949906 10711ce00                       Options.allow_mmap_writes: 0
2020/11/30-17:11:31.949907 10711ce00                        Options.use_direct_reads: 0
2020/11/30-17:11:31.949908 10711ce00                        Options.use_direct_io_for_flush_and_compaction: 0
2020/11/30-17:11:31.949909 10711ce00          Options.create_missing_column_families: 1
2020/11/30-17:11:31.949910 10711ce00                              Options.db_log_dir: 
2020/11/30-17:11:31.949911 10711ce00                                 Options.wal_dir: ./database/alphanet
2020/11/30-17:11:31.949912 10711ce00                Options.table_cache_numshardbits: 6
2020/11/30-17:11:31.949913 10711ce00                      Options.max_subcompactions: 1
2020/11/30-17:11:31.949914 10711ce00                         Options.WAL_ttl_seconds: 0
2020/11/30-17:11:31.949915 10711ce00                       Options.WAL_size_limit_MB: 0
2020/11/30-17:11:31.949915 10711ce00                        Options.max_write_batch_group_size_bytes: 1048576
2020/11/30-17:11:31.949916 10711ce00             Options.manifest_preallocation_size: 4194304
2020/11/30-17:11:31.949917 10711ce00                     Options.is_fd_close_on_exec: 1
2020/11/30-17:11:31.949918 10711ce00                   Options.advise_random_on_open: 1
2020/11/30-17:11:31.949919 10711ce00                    Options.db_write_buffer_size: 0
2020/11/30-17:11:31.949920 10711ce00                    Options.write_buffer_manager: 0x7fe8aa51aa10
2020/11/30-17:11:31.949921 10711ce00         Options.access_hint_on_compaction_start: 1
2020/11/30-17:11:31.949922 10711ce00  Options.new_table_reader_for_compaction_inputs: 0
2020/11/30-17:11:31.949923 10711ce00           Options.random_access_max_buffer_size: 1048576
2020/11/30-17:11:31.949924 10711ce00                      Options.use_adaptive_mutex: 0
2020/11/30-17:11:31.949925 10711ce00                            Options.rate_limiter: 0x0
2020/11/30-17:11:31.949926 10711ce00     Options.sst_file_manager.rate_bytes_per_sec: 0
2020/11/30-17:11:31.949949 10711ce00                       Options.wal_recovery_mode: 2
2020/11/30-17:11:31.949951 10711ce00                  Options.enable_thread_tracking: 0
2020/11/30-17:11:31.949952 10711ce00                  Options.enable_pipelined_write: 0
2020/11/30-17:11:31.949953 10711ce00                  Options.unordered_write: 0
2020/11/30-17:11:31.949956 10711ce00         Options.allow_concurrent_memtable_write: 1
2020/11/30-17:11:31.949957 10711ce00      Options.enable_write_thread_adaptive_yield: 1
2020/11/30-17:11:31.949958 10711ce00             Options.write_thread_max_yield_usec: 100
2020/11/30-17:11:31.949959 10711ce00            Options.write_thread_slow_yield_usec: 3
2020/11/30-17:11:31.949960 10711ce00                               Options.row_cache: None
2020/11/30-17:11:31.949960 10711ce00                              Options.wal_filter: None
2020/11/30-17:11:31.949962 10711ce00             Options.avoid_flush_during_recovery: 0
2020/11/30-17:11:31.949962 10711ce00             Options.allow_ingest_behind: 0
2020/11/30-17:11:31.949963 10711ce00             Options.preserve_deletes: 0
2020/11/30-17:11:31.949964 10711ce00             Options.two_write_queues: 0
2020/11/30-17:11:31.949965 10711ce00             Options.manual_wal_flush: 0
2020/11/30-17:11:31.949966 10711ce00             Options.atomic_flush: 1
2020/11/30-17:11:31.949967 10711ce00             Options.avoid_unnecessary_blocking_io: 0
2020/11/30-17:11:31.949968 10711ce00                 Options.persist_stats_to_disk: 0
2020/11/30-17:11:31.949969 10711ce00                 Options.write_dbid_to_manifest: 0
2020/11/30-17:11:31.949970 10711ce00                 Options.log_readahead_size: 0
2020/11/30-17:11:31.949971 10711ce00                 Options.file_checksum_gen_factory: Unknown
2020/11/30-17:11:31.949973 10711ce00                 Options.best_efforts_recovery: 0
2020/11/30-17:11:31.949974 10711ce00             Options.max_background_jobs: 12
2020/11/30-17:11:31.949975 10711ce00             Options.max_background_compactions: -1
2020/11/30-17:11:31.949976 10711ce00             Options.avoid_flush_during_shutdown: 0
2020/11/30-17:11:31.949977 10711ce00           Options.writable_file_max_buffer_size: 1048576
2020/11/30-17:11:31.949978 10711ce00             Options.delayed_write_rate : 16777216
2020/11/30-17:11:31.949979 10711ce00             Options.max_total_wal_size: 0
2020/11/30-17:11:31.949980 10711ce00             Options.delete_obsolete_files_period_micros: 21600000000
2020/11/30-17:11:31.949981 10711ce00                   Options.stats_dump_period_sec: 600
2020/11/30-17:11:31.949982 10711ce00                 Options.stats_persist_period_sec: 600
2020/11/30-17:11:31.949983 10711ce00                 Options.stats_history_buffer_size: 1048576
2020/11/30-17:11:31.949984 10711ce00                          Options.max_open_files: -1
2020/11/30-17:11:31.949985 10711ce00                          Options.bytes_per_sync: 0
2020/11/30-17:11:31.949986 10711ce00                      Options.wal_bytes_per_sync: 0
2020/11/30-17:11:31.949987 10711ce00                   Options.strict_bytes_per_sync: 0
2020/11/30-17:11:31.949988 10711ce00       Options.compaction_readahead_size: 0
2020/11/30-17:11:31.949989 10711ce00                  Options.max_background_flushes: -1
2020/11/30-17:11:31.949989 10711ce00 Compression algorithms supported:
2020/11/30-17:11:31.949991 10711ce00 	kZSTD supported: 0
2020/11/30-17:11:31.949992 10711ce00 	kZlibCompression supported: 0
2020/11/30-17:11:31.949993 10711ce00 	kXpressCompression supported: 0
2020/11/30-17:11:31.949994 10711ce00 	kSnappyCompression supported: 0
2020/11/30-17:11:31.949995 10711ce00 	kZSTDNotFinalCompression supported: 0
2020/11/30-17:11:31.949996 10711ce00 	kLZ4HCCompression supported: 0
2020/11/30-17:11:31.949997 10711ce00 	kLZ4Compression supported: 0
2020/11/30-17:11:31.949998 10711ce00 	kBZip2Compression supported: 0
2020/11/30-17:11:31.950001 10711ce00 Fast CRC32 supported: Supported on x86
2020/11/30-17:11:31.950148 10711ce00 [db/version_set.cc:4555] Recovering from manifest file: ./database/alphanet/MANIFEST-000364
2020/11/30-17:11:31.950226 10711ce00 [db/column_family.cc:579] --------------- Options for column family [default]:
2020/11/30-17:11:31.950229 10711ce00               Options.comparator: leveldb.BytewiseComparator
2020/11/30-17:11:31.950230 10711ce00           Options.merge_operator: None
2020/11/30-17:11:31.950231 10711ce00        Options.compaction_filter: None
2020/11/30-17:11:31.950232 10711ce00        Options.compaction_filter_factory: None
2020/11/30-17:11:31.950233 10711ce00         Options.memtable_factory: SkipListFactory
2020/11/30-17:11:31.950234 10711ce00            Options.table_factory: BlockBasedTable
2020/11/30-17:11:31.950251 10711ce00            table_factory options:   flush_block_policy_factory: FlushBlockBySizePolicyFactory (0x7fe8aa5199d0)
  cache_index_and_filter_blocks: 0
  cache_index_and_filter_blocks_with_high_priority: 1
  pin_l0_filter_and_index_blocks_in_cache: 0
  pin_top_level_index_and_filter: 1
  index_type: 0
  data_block_index_type: 0
  index_shortening: 1
  data_block_hash_table_util_ratio: 0.750000
  hash_index_allow_collision: 1
  checksum: 1
  no_block_cache: 0
  block_cache: 0x7fe8aa519178
  block_cache_name: LRUCache
  block_cache_options:
    capacity : 8388608
    num_shard_bits : 4
    strict_capacity_limit : 0
    memory_allocator : None
    high_pri_pool_ratio: 0.000
  block_cache_compressed: 0x0
  persistent_cache: 0x0
  block_size: 4096
  block_size_deviation: 10
  block_restart_interval: 16
  index_block_restart_interval: 1
  metadata_block_size: 4096
  partition_filters: 0
  use_delta_encoding: 1
  filter_policy: nullptr
  whole_key_filtering: 1
  verify_compression: 0
  read_amp_bytes_per_bit: 0
  format_version: 4
  enable_index_compression: 1
  block_align: 0
2020/11/30-17:11:31.950255 10711ce00        Options.write_buffer_size: 67108864
2020/11/30-17:11:31.950256 10711ce00  Options.max_write_buffer_number: 2
2020/11/30-17:11:31.950257 10711ce00          Options.compression: NoCompression
2020/11/30-17:11:31.950258 10711ce00                  Options.bottommost_compression: Disabled
2020/11/30-17:11:31.950259 10711ce00       Options.prefix_extractor: nullptr
2020/11/30-17:11:31.950260 10711ce00   Options.memtable_insert_with_hint_prefix_extractor: nullptr
2020/11/30-17:11:31.950261 10711ce00             Options.num_levels: 7
2020/11/30-17:11:31.950262 10711ce00        Options.min_write_buffer_number_to_merge: 1
2020/11/30-17:11:31.950263 10711ce00     Options.max_write_buffer_number_to_maintain: 0
2020/11/30-17:11:31.950264 10711ce00     Options.max_write_buffer_size_to_maintain: 0
2020/11/30-17:11:31.950265 10711ce00            Options.bottommost_compression_opts.window_bits: -14
2020/11/30-17:11:31.950266 10711ce00                  Options.bottommost_compression_opts.level: 32767
2020/11/30-17:11:31.950267 10711ce00               Options.bottommost_compression_opts.strategy: 0
2020/11/30-17:11:31.950268 10711ce00         Options.bottommost_compression_opts.max_dict_bytes: 0
2020/11/30-17:11:31.950269 10711ce00         Options.bottommost_compression_opts.zstd_max_train_bytes: 0
2020/11/30-17:11:31.950270 10711ce00         Options.bottommost_compression_opts.parallel_threads: 1
2020/11/30-17:11:31.950271 10711ce00                  Options.bottommost_compression_opts.enabled: false
2020/11/30-17:11:31.950271 10711ce00            Options.compression_opts.window_bits: -14
2020/11/30-17:11:31.950272 10711ce00                  Options.compression_opts.level: 32767
2020/11/30-17:11:31.950273 10711ce00               Options.compression_opts.strategy: 0
2020/11/30-17:11:31.950274 10711ce00         Options.compression_opts.max_dict_bytes: 0
2020/11/30-17:11:31.950275 10711ce00         Options.compression_opts.zstd_max_train_bytes: 0
2020/11/30-17:11:31.950276 10711ce00         Options.compression_opts.parallel_threads: 1
2020/11/30-17:11:31.950277 10711ce00                  Options.compression_opts.enabled: false
2020/11/30-17:11:31.950278 10711ce00      Options.level0_file_num_compaction_trigger: 4
2020/11/30-17:11:31.950279 10711ce00          Options.level0_slowdown_writes_trigger: 20
2020/11/30-17:11:31.950298 10711ce00              Options.level0_stop_writes_trigger: 36
2020/11/30-17:11:31.950299 10711ce00                   Options.target_file_size_base: 67108864
2020/11/30-17:11:31.950300 10711ce00             Options.target_file_size_multiplier: 1
2020/11/30-17:11:31.950301 10711ce00                Options.max_bytes_for_level_base: 268435456
2020/11/30-17:11:31.950302 10711ce00 Options.level_compaction_dynamic_level_bytes: 0
2020/11/30-17:11:31.950303 10711ce00          Options.max_bytes_for_level_multiplier: 10.000000
2020/11/30-17:11:31.950304 10711ce00 Options.max_bytes_for_level_multiplier_addtl[0]: 1
2020/11/30-17:11:31.950305 10711ce00 Options.max_bytes_for_level_multiplier_addtl[1]: 1
2020/11/30-17:11:31.950306 10711ce00 Options.max_bytes_for_level_multiplier_addtl[2]: 1
2020/11/30-17:11:31.950307 10711ce00 Options.max_bytes_for_level_multiplier_addtl[3]: 1
2020/11/30-17:11:31.950308 10711ce00 Options.max_bytes_for_level_multiplier_addtl[4]: 1
2020/11/30-17:11:31.950309 10711ce00 Options.max_bytes_for_level_multiplier_addtl[5]: 1
2020/11/30-17:11:31.950310 10711ce00 Options.max_bytes_for_level_multiplier_addtl[6]: 1
2020/11/30-17:11:31.950311 10711ce00       Options.max_sequential_skip_in_iterations: 8
2020/11/30-17:11:31.950312 10711ce00                    Options.max_compaction_bytes: 1677721600
2020/11/30-17:11:31.950313 10711ce00                        Options.arena_block_size: 8388608
2020/11/30-17:11:31.950314 10711ce00   Options.soft_pending_compaction_bytes_limit: 68719476736
2020/11/30-17:11:31.950315 10711ce00   Options.hard_pending_compaction_bytes_limit: 274877906944
2020/11/30-17:11:31.950316 10711ce00       Options.rate_limit_delay_max_milliseconds: 100
2020/11/30-17:11:31.950317 10711ce00                Options.disable_auto_compactions: 0
2020/11/30-17:11:31.950318 10711ce00                        Options.compaction_style: kCompactionStyleLevel
2020/11/30-17:11:31.950319 10711ce00                          Options.compaction_pri: kMinOverlappingRatio
2020/11/30-17:11:31.950320 10711ce00 Options.compaction_options_universal.size_ratio: 1
2020/11/30-17:11:31.950321 10711ce00 Options.compaction_options_universal.min_merge_width: 2
2020/11/30-17:11:31.950322 10711ce00 Options.compaction_options_universal.max_merge_width: 4294967295
2020/11/30-17:11:31.950323 10711ce00 Options.compaction_options_universal.max_size_amplification_percent: 200
2020/11/30-17:11:31.950324 10711ce00 Options.compaction_options_universal.compression_size_percent: -1
2020/11/30-17:11:31.950326 10711ce00 Options.compaction_options_universal.stop_style: kCompactionStopStyleTotalSize
2020/11/30-17:11:31.950326 10711ce00 Options.compaction_options_fifo.max_table_files_size: 1073741824
2020/11/30-17:11:31.950328 10711ce00 Options.compaction_options_fifo.allow_compaction: 0
2020/11/30-17:11:31.950335 10711ce00                   Options.table_properties_collectors: 
2020/11/30-17:11:31.950337 10711ce00                   Options.inplace_update_support: 0
2020/11/30-17:11:31.950338 10711ce00                 Options.inplace_update_num_locks: 10000
2020/11/30-17:11:31.950339 10711ce00               Options.memtable_prefix_bloom_size_ratio: 0.000000
2020/11/30-17:11:31.950340 10711ce00               Options.memtable_whole_key_filtering: 0
2020/11/30-17:11:31.950341 10711ce00   Options.memtable_huge_page_size: 0
2020/11/30-17:11:31.950342 10711ce00                           Options.bloom_locality: 0
2020/11/30-17:11:31.950343 10711ce00                    Options.max_successive_merges: 0
2020/11/30-17:11:31.950343 10711ce00                Options.optimize_filters_for_hits: 0
2020/11/30-17:11:31.950345 10711ce00                Options.paranoid_file_checks: 0
2020/11/30-17:11:31.950345 10711ce00                Options.force_consistency_checks: 0
2020/11/30-17:11:31.950346 10711ce00                Options.report_bg_io_stats: 0
2020/11/30-17:11:31.950347 10711ce00                               Options.ttl: 2592000
2020/11/30-17:11:31.950348 10711ce00          Options.periodic_compaction_seconds: 0
2020/11/30-17:11:31.950460 10711ce00 [db/column_family.cc:579] --------------- Options for column family [message_id_to_message]:
2020/11/30-17:11:31.950462 10711ce00               Options.comparator: leveldb.BytewiseComparator
2020/11/30-17:11:31.950464 10711ce00           Options.merge_operator: None
2020/11/30-17:11:31.950465 10711ce00        Options.compaction_filter: None
2020/11/30-17:11:31.950466 10711ce00        Options.compaction_filter_factory: None
2020/11/30-17:11:31.950467 10711ce00         Options.memtable_factory: SkipListFactory
2020/11/30-17:11:31.950468 10711ce00            Options.table_factory: BlockBasedTable
2020/11/30-17:11:31.950482 10711ce00            table_factory options:   flush_block_policy_factory: FlushBlockBySizePolicyFactory (0x7fe8aa513330)
  cache_index_and_filter_blocks: 0
  cache_index_and_filter_blocks_with_high_priority: 1
  pin_l0_filter_and_index_blocks_in_cache: 0
  pin_top_level_index_and_filter: 1
  index_type: 0
  data_block_index_type: 0
  index_shortening: 1
  data_block_hash_table_util_ratio: 0.750000
  hash_index_allow_collision: 1
  checksum: 1
  no_block_cache: 0
  block_cache: 0x7fe8aa513378
  block_cache_name: LRUCache
  block_cache_options:
    capacity : 8388608
    num_shard_bits : 4
    strict_capacity_limit : 0
    memory_allocator : None
    high_pri_pool_ratio: 0.000
  block_cache_compressed: 0x0
  persistent_cache: 0x0
  block_size: 4096
  block_size_deviation: 10
  block_restart_interval: 16
  index_block_restart_interval: 1
  metadata_block_size: 4096
  partition_filters: 0
  use_delta_encoding: 1
  filter_policy: nullptr
  whole_key_filtering: 1
  verify_compression: 0
  read_amp_bytes_per_bit: 0
  format_version: 4
  enable_index_compression: 1
  block_align: 0
2020/11/30-17:11:31.950484 10711ce00        Options.write_buffer_size: 67108864
2020/11/30-17:11:31.950485 10711ce00  Options.max_write_buffer_number: 2
2020/11/30-17:11:31.950486 10711ce00          Options.compression: NoCompression
2020/11/30-17:11:31.950487 10711ce00                  Options.bottommost_compression: Disabled
2020/11/30-17:11:31.950488 10711ce00       Options.prefix_extractor: nullptr
2020/11/30-17:11:31.950489 10711ce00   Options.memtable_insert_with_hint_prefix_extractor: nullptr
2020/11/30-17:11:31.950490 10711ce00             Options.num_levels: 7
2020/11/30-17:11:31.950491 10711ce00        Options.min_write_buffer_number_to_merge: 1
2020/11/30-17:11:31.950492 10711ce00     Options.max_write_buffer_number_to_maintain: 0
2020/11/30-17:11:31.950493 10711ce00     Options.max_write_buffer_size_to_maintain: 0
2020/11/30-17:11:31.950494 10711ce00            Options.bottommost_compression_opts.window_bits: -14
2020/11/30-17:11:31.950495 10711ce00                  Options.bottommost_compression_opts.level: 32767
2020/11/30-17:11:31.950496 10711ce00               Options.bottommost_compression_opts.strategy: 0
2020/11/30-17:11:31.950497 10711ce00         Options.bottommost_compression_opts.max_dict_bytes: 0
2020/11/30-17:11:31.950498 10711ce00         Options.bottommost_compression_opts.zstd_max_train_bytes: 0
2020/11/30-17:11:31.950499 10711ce00         Options.bottommost_compression_opts.parallel_threads: 1
2020/11/30-17:11:31.950500 10711ce00                  Options.bottommost_compression_opts.enabled: false
2020/11/30-17:11:31.950501 10711ce00            Options.compression_opts.window_bits: -14
2020/11/30-17:11:31.950502 10711ce00                  Options.compression_opts.level: 32767
2020/11/30-17:11:31.950503 10711ce00               Options.compression_opts.strategy: 0
2020/11/30-17:11:31.950503 10711ce00         Options.compression_opts.max_dict_bytes: 0
2020/11/30-17:11:31.950504 10711ce00         Options.compression_opts.zstd_max_train_bytes: 0
2020/11/30-17:11:31.950505 10711ce00         Options.compression_opts.parallel_threads: 1
2020/11/30-17:11:31.950506 10711ce00                  Options.compression_opts.enabled: false
2020/11/30-17:11:31.950507 10711ce00      Options.level0_file_num_compaction_trigger: 4
2020/11/30-17:11:31.950508 10711ce00          Options.level0_slowdown_writes_trigger: 20
2020/11/30-17:11:31.950528 10711ce00              Options.level0_stop_writes_trigger: 36
2020/11/30-17:11:31.950529 10711ce00                   Options.target_file_size_base: 67108864
2020/11/30-17:11:31.950530 10711ce00             Options.target_file_size_multiplier: 1
2020/11/30-17:11:31.950531 10711ce00                Options.max_bytes_for_level_base: 268435456
2020/11/30-17:11:31.950532 10711ce00 Options.level_compaction_dynamic_level_bytes: 0
2020/11/30-17:11:31.950533 10711ce00          Options.max_bytes_for_level_multiplier: 10.000000
2020/11/30-17:11:31.950534 10711ce00 Options.max_bytes_for_level_multiplier_addtl[0]: 1
2020/11/30-17:11:31.950535 10711ce00 Options.max_bytes_for_level_multiplier_addtl[1]: 1
2020/11/30-17:11:31.950536 10711ce00 Options.max_bytes_for_level_multiplier_addtl[2]: 1
2020/11/30-17:11:31.950537 10711ce00 Options.max_bytes_for_level_multiplier_addtl[3]: 1
2020/11/30-17:11:31.950538 10711ce00 Options.max_bytes_for_level_multiplier_addtl[4]: 1
2020/11/30-17:11:31.950539 10711ce00 Options.max_bytes_for_level_multiplier_addtl[5]: 1
2020/11/30-17:11:31.950540 10711ce00 Options.max_bytes_for_level_multiplier_addtl[6]: 1
2020/11/30-17:11:31.950541 10711ce00       Options.max_sequential_skip_in_iterations: 8
2020/11/30-17:11:31.950542 10711ce00                    Options.max_compaction_bytes: 1677721600
2020/11/30-17:11:31.950543 10711ce00                        Options.arena_block_size: 8388608
2020/11/30-17:11:31.950544 10711ce00   Options.soft_pending_compaction_bytes_limit: 68719476736
2020/11/30-17:11:31.950545 10711ce00   Options.hard_pending_compaction_bytes_limit: 274877906944
2020/11/30-17:11:31.950546 10711ce00       Options.rate_limit_delay_max_milliseconds: 100
2020/11/30-17:11:31.950547 10711ce00                Options.disable_auto_compactions: 0
2020/11/30-17:11:31.950548 10711ce00                        Options.compaction_style: kCompactionStyleLevel
2020/11/30-17:11:31.950549 10711ce00                          Options.compaction_pri: kMinOverlappingRatio
2020/11/30-17:11:31.950550 10711ce00 Options.compaction_options_universal.size_ratio: 1
2020/11/30-17:11:31.950551 10711ce00 Options.compaction_options_universal.min_merge_width: 2
2020/11/30-17:11:31.950552 10711ce00 Options.compaction_options_universal.max_merge_width: 4294967295
2020/11/30-17:11:31.950553 10711ce00 Options.compaction_options_universal.max_size_amplification_percent: 200
2020/11/30-17:11:31.950554 10711ce00 Options.compaction_options_universal.compression_size_percent: -1
2020/11/30-17:11:31.950556 10711ce00 Options.compaction_options_universal.stop_style: kCompactionStopStyleTotalSize
2020/11/30-17:11:31.950556 10711ce00 Options.compaction_options_fifo.max_table_files_size: 1073741824
2020/11/30-17:11:31.950558 10711ce00 Options.compaction_options_fifo.allow_compaction: 0
2020/11/30-17:11:31.950559 10711ce00                   Options.table_properties_collectors: 
2020/11/30-17:11:31.950560 10711ce00                   Options.inplace_update_support: 0
2020/11/30-17:11:31.950561 10711ce00                 Options.inplace_update_num_locks: 10000
2020/11/30-17:11:31.950562 10711ce00               Options.memtable_prefix_bloom_size_ratio: 0.000000
2020/11/30-17:11:31.950563 10711ce00               Options.memtable_whole_key_filtering: 0
2020/11/30-17:11:31.950564 10711ce00   Options.memtable_huge_page_size: 0
2020/11/30-17:11:31.950565 10711ce00                           Options.bloom_locality: 0
2020/11/30-17:11:31.950566 10711ce00                    Options.max_successive_merges: 0
2020/11/30-17:11:31.950567 10711ce00                Options.optimize_filters_for_hits: 0
2020/11/30-17:11:31.950568 10711ce00                Options.paranoid_file_checks: 0
2020/11/30-17:11:31.950569 10711ce00                Options.force_consistency_checks: 0
2020/11/30-17:11:31.950570 10711ce00                Options.report_bg_io_stats: 0
2020/11/30-17:11:31.950571 10711ce00                               Options.ttl: 2592000
2020/11/30-17:11:31.950572 10711ce00          Options.periodic_compaction_seconds: 0
2020/11/30-17:11:31.950624 10711ce00 [db/column_family.cc:579] --------------- Options for column family [message_id_to_message_id]:
2020/11/30-17:11:31.950626 10711ce00               Options.comparator: leveldb.BytewiseComparator
2020/11/30-17:11:31.950627 10711ce00           Options.merge_operator: None
2020/11/30-17:11:31.950628 10711ce00        Options.compaction_filter: None
2020/11/30-17:11:31.950629 10711ce00        Options.compaction_filter_factory: None
2020/11/30-17:11:31.950630 10711ce00         Options.memtable_factory: SkipListFactory
2020/11/30-17:11:31.950631 10711ce00            Options.table_factory: BlockBasedTable
2020/11/30-17:11:31.950644 10711ce00            table_factory options:   flush_block_policy_factory: FlushBlockBySizePolicyFactory (0x7fe8aa514a60)
  cache_index_and_filter_blocks: 0
  cache_index_and_filter_blocks_with_high_priority: 1
  pin_l0_filter_and_index_blocks_in_cache: 0
  pin_top_level_index_and_filter: 1
  index_type: 0
  data_block_index_type: 0
  index_shortening: 1
  data_block_hash_table_util_ratio: 0.750000
  hash_index_allow_collision: 1
  checksum: 1
  no_block_cache: 0
  block_cache: 0x7fe8aa514aa8
  block_cache_name: LRUCache
  block_cache_options:
    capacity : 8388608
    num_shard_bits : 4
    strict_capacity_limit : 0
    memory_allocator : None
    high_pri_pool_ratio: 0.000
  block_cache_compressed: 0x0
  persistent_cache: 0x0
  block_size: 4096
  block_size_deviation: 10
  block_restart_interval: 16
  index_block_restart_interval: 1
  metadata_block_size: 4096
  partition_filters: 0
  use_delta_encoding: 1
  filter_policy: nullptr
  whole_key_filtering: 1
  verify_compression: 0
  read_amp_bytes_per_bit: 0
  format_version: 4
  enable_index_compression: 1
  block_align: 0
2020/11/30-17:11:31.950646 10711ce00        Options.write_buffer_size: 67108864
2020/11/30-17:11:31.950647 10711ce00  Options.max_write_buffer_number: 2
2020/11/30-17:11:31.950648 10711ce00          Options.compression: NoCompression
2020/11/30-17:11:31.950649 10711ce00                  Options.bottommost_compression: Disabled
2020/11/30-17:11:31.950650 10711ce00       Options.prefix_extractor: rocksdb.FixedPrefix.32
2020/11/30-17:11:31.950651 10711ce00   Options.memtable_insert_with_hint_prefix_extractor: nullptr
2020/11/30-17:11:31.950652 10711ce00             Options.num_levels: 7
2020/11/30-17:11:31.950653 10711ce00        Options.min_write_buffer_number_to_merge: 1
2020/11/30-17:11:31.950654 10711ce00     Options.max_write_buffer_number_to_maintain: 0
2020/11/30-17:11:31.950655 10711ce00     Options.max_write_buffer_size_to_maintain: 0
2020/11/30-17:11:31.950656 10711ce00            Options.bottommost_compression_opts.window_bits: -14
2020/11/30-17:11:31.950657 10711ce00                  Options.bottommost_compression_opts.level: 32767
2020/11/30-17:11:31.950658 10711ce00               Options.bottommost_compression_opts.strategy: 0
2020/11/30-17:11:31.950659 10711ce00         Options.bottommost_compression_opts.max_dict_bytes: 0
2020/11/30-17:11:31.950660 10711ce00         Options.bottommost_compression_opts.zstd_max_train_bytes: 0
2020/11/30-17:11:31.950661 10711ce00         Options.bottommost_compression_opts.parallel_threads: 1
2020/11/30-17:11:31.950662 10711ce00                  Options.bottommost_compression_opts.enabled: false
2020/11/30-17:11:31.950663 10711ce00            Options.compression_opts.window_bits: -14
2020/11/30-17:11:31.950664 10711ce00                  Options.compression_opts.level: 32767
2020/11/30-17:11:31.950664 10711ce00               Options.compression_opts.strategy: 0
2020/11/30-17:11:31.950665 10711ce00         Options.compression_opts.max_dict_bytes: 0
2020/11/30-17:11:31.950666 10711ce00         Options.compression_opts.zstd_max_train_bytes: 0
2020/11/30-17:11:31.950667 10711ce00         Options.compression_opts.parallel_threads: 1
2020/11/30-17:11:31.950668 10711ce00                  Options.compression_opts.enabled: false
2020/11/30-17:11:31.950669 10711ce00      Options.level0_file_num_compaction_trigger: 4
2020/11/30-17:11:31.950670 10711ce00          Options.level0_slowdown_writes_trigger: 20
2020/11/30-17:11:31.950688 10711ce00              Options.level0_stop_writes_trigger: 36
2020/11/30-17:11:31.950689 10711ce00                   Options.target_file_size_base: 67108864
2020/11/30-17:11:31.950690 10711ce00             Options.target_file_size_multiplier: 1
2020/11/30-17:11:31.950691 10711ce00                Options.max_bytes_for_level_base: 268435456
2020/11/30-17:11:31.950692 10711ce00 Options.level_compaction_dynamic_level_bytes: 0
2020/11/30-17:11:31.950693 10711ce00          Options.max_bytes_for_level_multiplier: 10.000000
2020/11/30-17:11:31.950694 10711ce00 Options.max_bytes_for_level_multiplier_addtl[0]: 1
2020/11/30-17:11:31.950696 10711ce00 Options.max_bytes_for_level_multiplier_addtl[1]: 1
2020/11/30-17:11:31.950697 10711ce00 Options.max_bytes_for_level_multiplier_addtl[2]: 1
2020/11/30-17:11:31.950697 10711ce00 Options.max_bytes_for_level_multiplier_addtl[3]: 1
2020/11/30-17:11:31.950699 10711ce00 Options.max_bytes_for_level_multiplier_addtl[4]: 1
2020/11/30-17:11:31.950699 10711ce00 Options.max_bytes_for_level_multiplier_addtl[5]: 1
2020/11/30-17:11:31.950700 10711ce00 Options.max_bytes_for_level_multiplier_addtl[6]: 1
2020/11/30-17:11:31.950701 10711ce00       Options.max_sequential_skip_in_iterations: 8
2020/11/30-17:11:31.950702 10711ce00                    Options.max_compaction_bytes: 1677721600
2020/11/30-17:11:31.950703 10711ce00                        Options.arena_block_size: 8388608
2020/11/30-17:11:31.950704 10711ce00   Options.soft_pending_compaction_bytes_limit: 68719476736
2020/11/30-17:11:31.950705 10711ce00   Options.hard_pending_compaction_bytes_limit: 274877906944
2020/11/30-17:11:31.950706 10711ce00       Options.rate_limit_delay_max_milliseconds: 100
2020/11/30-17:11:31.950707 10711ce00                Options.disable_auto_compactions: 0
2020/11/30-17:11:31.950708 10711ce00                        Options.compaction_style: kCompactionStyleLevel
2020/11/30-17:11:31.950709 10711ce00                          Options.compaction_pri: kMinOverlappingRatio
2020/11/30-17:11:31.950710 10711ce00 Options.compaction_options_universal.size_ratio: 1
2020/11/30-17:11:31.950711 10711ce00 Options.compaction_options_universal.min_merge_width: 2
2020/11/30-17:11:31.950712 10711ce00 Options.compaction_options_universal.max_merge_width: 4294967295
2020/11/30-17:11:31.950713 10711ce00 Options.compaction_options_universal.max_size_amplification_percent: 200
2020/11/30-17:11:31.950714 10711ce00 Options.compaction_options_universal.compression_size_percent: -1
2020/11/30-17:11:31.950715 10711ce00 Options.compaction_options_universal.stop_style: kCompactionStopStyleTotalSize
2020/11/30-17:11:31.950716 10711ce00 Options.compaction_options_fifo.max_table_files_size: 1073741824
2020/11/30-17:11:31.950717 10711ce00 Options.compaction_options_fifo.allow_compaction: 0
2020/11/30-17:11:31.950719 10711ce00                   Options.table_properties_collectors: 
2020/11/30-17:11:31.950719 10711ce00                   Options.inplace_update_support: 0
2020/11/30-17:11:31.950720 10711ce00                 Options.inplace_update_num_locks: 10000
2020/11/30-17:11:31.950721 10711ce00               Options.memtable_prefix_bloom_size_ratio: 0.000000
2020/11/30-17:11:31.950722 10711ce00               Options.memtable_whole_key_filtering: 0
2020/11/30-17:11:31.950723 10711ce00   Options.memtable_huge_page_size: 0
2020/11/30-17:11:31.950724 10711ce00                           Options.bloom_locality: 0
2020/11/30-17:11:31.950725 10711ce00                    Options.max_successive_merges: 0
2020/11/30-17:11:31.950726 10711ce00                Options.optimize_filters_for_hits: 0
2020/11/30-17:11:31.950727 10711ce00                Options.paranoid_file_checks: 0
2020/11/30-17:11:31.950728 10711ce00                Options.force_consistency_checks: 0
2020/11/30-17:11:31.950729 10711ce00                Options.report_bg_io_stats: 0
2020/11/30-17:11:31.950730 10711ce00                               Options.ttl: 2592000
2020/11/30-17:11:31.950731 10711ce00          Options.periodic_compaction_seconds: 0
2020/11/30-17:11:31.950783 10711ce00 [db/column_family.cc:579] --------------- Options for column family [index_to_message_id]:
2020/11/30-17:11:31.950785 10711ce00               Options.comparator: leveldb.BytewiseComparator
2020/11/30-17:11:31.950787 10711ce00           Options.merge_operator: None
2020/11/30-17:11:31.950787 10711ce00        Options.compaction_filter: None
2020/11/30-17:11:31.950788 10711ce00        Options.compaction_filter_factory: None
2020/11/30-17:11:31.950789 10711ce00         Options.memtable_factory: SkipListFactory
2020/11/30-17:11:31.950790 10711ce00            Options.table_factory: BlockBasedTable
2020/11/30-17:11:31.950805 10711ce00            table_factory options:   flush_block_policy_factory: FlushBlockBySizePolicyFactory (0x7fe8aa515650)
  cache_index_and_filter_blocks: 0
  cache_index_and_filter_blocks_with_high_priority: 1
  pin_l0_filter_and_index_blocks_in_cache: 0
  pin_top_level_index_and_filter: 1
  index_type: 0
  data_block_index_type: 0
  index_shortening: 1
  data_block_hash_table_util_ratio: 0.750000
  hash_index_allow_collision: 1
  checksum: 1
  no_block_cache: 0
  block_cache: 0x7fe8aa515698
  block_cache_name: LRUCache
  block_cache_options:
    capacity : 8388608
    num_shard_bits : 4
    strict_capacity_limit : 0
    memory_allocator : None
    high_pri_pool_ratio: 0.000
  block_cache_compressed: 0x0
  persistent_cache: 0x0
  block_size: 4096
  block_size_deviation: 10
  block_restart_interval: 16
  index_block_restart_interval: 1
  metadata_block_size: 4096
  partition_filters: 0
  use_delta_encoding: 1
  filter_policy: nullptr
  whole_key_filtering: 1
  verify_compression: 0
  read_amp_bytes_per_bit: 0
  format_version: 4
  enable_index_compression: 1
  block_align: 0
2020/11/30-17:11:31.950806 10711ce00        Options.write_buffer_size: 67108864
2020/11/30-17:11:31.950807 10711ce00  Options.max_write_buffer_number: 2
2020/11/30-17:11:31.950808 10711ce00          Options.compression: NoCompression
2020/11/30-17:11:31.950809 10711ce00                  Options.bottommost_compression: Disabled
2020/11/30-17:11:31.950810 10711ce00       Options.prefix_extractor: rocksdb.FixedPrefix.32
2020/11/30-17:11:31.950811 10711ce00   Options.memtable_insert_with_hint_prefix_extractor: nullptr
2020/11/30-17:11:31.950812 10711ce00             Options.num_levels: 7
2020/11/30-17:11:31.950813 10711ce00        Options.min_write_buffer_number_to_merge: 1
2020/11/30-17:11:31.950814 10711ce00     Options.max_write_buffer_number_to_maintain: 0
2020/11/30-17:11:31.950815 10711ce00     Options.max_write_buffer_size_to_maintain: 0
2020/11/30-17:11:31.950816 10711ce00            Options.bottommost_compression_opts.window_bits: -14
2020/11/30-17:11:31.950817 10711ce00                  Options.bottommost_compression_opts.level: 32767
2020/11/30-17:11:31.950818 10711ce00               Options.bottommost_compression_opts.strategy: 0
2020/11/30-17:11:31.950819 10711ce00         Options.bottommost_compression_opts.max_dict_bytes: 0
2020/11/30-17:11:31.950820 10711ce00         Options.bottommost_compression_opts.zstd_max_train_bytes: 0
2020/11/30-17:11:31.950821 10711ce00         Options.bottommost_compression_opts.parallel_threads: 1
2020/11/30-17:11:31.950822 10711ce00                  Options.bottommost_compression_opts.enabled: false
2020/11/30-17:11:31.950823 10711ce00            Options.compression_opts.window_bits: -14
2020/11/30-17:11:31.950823 10711ce00                  Options.compression_opts.level: 32767
2020/11/30-17:11:31.950824 10711ce00               Options.compression_opts.strategy: 0
2020/11/30-17:11:31.950825 10711ce00         Options.compression_opts.max_dict_bytes: 0
2020/11/30-17:11:31.950826 10711ce00         Options.compression_opts.zstd_max_train_bytes: 0
2020/11/30-17:11:31.950827 10711ce00         Options.compression_opts.parallel_threads: 1
2020/11/30-17:11:31.950828 10711ce00                  Options.compression_opts.enabled: false
2020/11/30-17:11:31.950829 10711ce00      Options.level0_file_num_compaction_trigger: 4
2020/11/30-17:11:31.950847 10711ce00          Options.level0_slowdown_writes_trigger: 20
2020/11/30-17:11:31.950848 10711ce00              Options.level0_stop_writes_trigger: 36
2020/11/30-17:11:31.950849 10711ce00                   Options.target_file_size_base: 67108864
2020/11/30-17:11:31.950850 10711ce00             Options.target_file_size_multiplier: 1
2020/11/30-17:11:31.950851 10711ce00                Options.max_bytes_for_level_base: 268435456
2020/11/30-17:11:31.950852 10711ce00 Options.level_compaction_dynamic_level_bytes: 0
2020/11/30-17:11:31.950853 10711ce00          Options.max_bytes_for_level_multiplier: 10.000000
2020/11/30-17:11:31.950854 10711ce00 Options.max_bytes_for_level_multiplier_addtl[0]: 1
2020/11/30-17:11:31.950855 10711ce00 Options.max_bytes_for_level_multiplier_addtl[1]: 1
2020/11/30-17:11:31.950856 10711ce00 Options.max_bytes_for_level_multiplier_addtl[2]: 1
2020/11/30-17:11:31.950857 10711ce00 Options.max_bytes_for_level_multiplier_addtl[3]: 1
2020/11/30-17:11:31.950858 10711ce00 Options.max_bytes_for_level_multiplier_addtl[4]: 1
2020/11/30-17:11:31.950859 10711ce00 Options.max_bytes_for_level_multiplier_addtl[5]: 1
2020/11/30-17:11:31.950860 10711ce00 Options.max_bytes_for_level_multiplier_addtl[6]: 1
2020/11/30-17:11:31.950861 10711ce00       Options.max_sequential_skip_in_iterations: 8
2020/11/30-17:11:31.950862 10711ce00                    Options.max_compaction_bytes: 1677721600
2020/11/30-17:11:31.950863 10711ce00                        Options.arena_block_size: 8388608
2020/11/30-17:11:31.950864 10711ce00   Options.soft_pending_compaction_bytes_limit: 68719476736
2020/11/30-17:11:31.950864 10711ce00   Options.hard_pending_compaction_bytes_limit: 274877906944
2020/11/30-17:11:31.950865 10711ce00       Options.rate_limit_delay_max_milliseconds: 100
2020/11/30-17:11:31.950866 10711ce00                Options.disable_auto_compactions: 0
2020/11/30-17:11:31.950867 10711ce00                        Options.compaction_style: kCompactionStyleLevel
2020/11/30-17:11:31.950868 10711ce00                          Options.compaction_pri: kMinOverlappingRatio
2020/11/30-17:11:31.950869 10711ce00 Options.compaction_options_universal.size_ratio: 1
2020/11/30-17:11:31.950870 10711ce00 Options.compaction_options_universal.min_merge_width: 2
2020/11/30-17:11:31.950871 10711ce00 Options.compaction_options_universal.max_merge_width: 4294967295
2020/11/30-17:11:31.950872 10711ce00 Options.compaction_options_universal.max_size_amplification_percent: 200
2020/11/30-17:11:31.950873 10711ce00 Options.compaction_options_universal.compression_size_percent: -1
2020/11/30-17:11:31.950874 10711ce00 Options.compaction_options_universal.stop_style: kCompactionStopStyleTotalSize
2020/11/30-17:11:31.950875 10711ce00 Options.compaction_options_fifo.max_table_files_size: 1073741824
2020/11/30-17:11:31.950876 10711ce00 Options.compaction_options_fifo.allow_compaction: 0
2020/11/30-17:11:31.950878 10711ce00                   Options.table_properties_collectors: 
