2020/11/16-11:52:10.127086 113bede00 RocksDB version: 6.11.4
2020/11/16-11:52:10.127144 113bede00 Git sha rocksdb_build_git_sha:@48bfca38f6f175435052a59791922a1a453d9609@
2020/11/16-11:52:10.127148 113bede00 Compile date Nov 12 2020
2020/11/16-11:52:10.127150 113bede00 DB SUMMARY
2020/11/16-11:52:10.127224 113bede00 CURRENT file:  CURRENT
2020/11/16-11:52:10.127226 113bede00 IDENTITY file:  IDENTITY
2020/11/16-11:52:10.127232 113bede00 MANIFEST file:  MANIFEST-000061 size: 606 Bytes
2020/11/16-11:52:10.127234 113bede00 SST files in ./database/alphanet dir, Total Num: 0, files: 
2020/11/16-11:52:10.127235 113bede00 Write Ahead Log file in ./database/alphanet: 000062.log size: 0 ; 
2020/11/16-11:52:10.127239 113bede00                         Options.error_if_exists: 0
2020/11/16-11:52:10.127240 113bede00                       Options.create_if_missing: 1
2020/11/16-11:52:10.127241 113bede00                         Options.paranoid_checks: 1
2020/11/16-11:52:10.127242 113bede00                                     Options.env: 0x1053c2528
2020/11/16-11:52:10.127243 113bede00                                      Options.fs: Posix File System
2020/11/16-11:52:10.127244 113bede00                                Options.info_log: 0x7ff523516520
2020/11/16-11:52:10.127246 113bede00                Options.max_file_opening_threads: 16
2020/11/16-11:52:10.127247 113bede00                              Options.statistics: 0x7ff523515438
2020/11/16-11:52:10.127248 113bede00                               Options.use_fsync: 0
2020/11/16-11:52:10.127249 113bede00                       Options.max_log_file_size: 0
2020/11/16-11:52:10.127250 113bede00                  Options.max_manifest_file_size: 1073741824
2020/11/16-11:52:10.127251 113bede00                   Options.log_file_time_to_roll: 0
2020/11/16-11:52:10.127252 113bede00                       Options.keep_log_file_num: 1000
2020/11/16-11:52:10.127253 113bede00                    Options.recycle_log_file_num: 0
2020/11/16-11:52:10.127254 113bede00                         Options.allow_fallocate: 1
2020/11/16-11:52:10.127255 113bede00                        Options.allow_mmap_reads: 0
2020/11/16-11:52:10.127256 113bede00                       Options.allow_mmap_writes: 0
2020/11/16-11:52:10.127257 113bede00                        Options.use_direct_reads: 0
2020/11/16-11:52:10.127258 113bede00                        Options.use_direct_io_for_flush_and_compaction: 0
2020/11/16-11:52:10.127259 113bede00          Options.create_missing_column_families: 1
2020/11/16-11:52:10.127260 113bede00                              Options.db_log_dir: 
2020/11/16-11:52:10.127261 113bede00                                 Options.wal_dir: ./database/alphanet
2020/11/16-11:52:10.127262 113bede00                Options.table_cache_numshardbits: 6
2020/11/16-11:52:10.127263 113bede00                      Options.max_subcompactions: 1
2020/11/16-11:52:10.127264 113bede00                         Options.WAL_ttl_seconds: 0
2020/11/16-11:52:10.127265 113bede00                       Options.WAL_size_limit_MB: 0
2020/11/16-11:52:10.127266 113bede00                        Options.max_write_batch_group_size_bytes: 1048576
2020/11/16-11:52:10.127267 113bede00             Options.manifest_preallocation_size: 4194304
2020/11/16-11:52:10.127268 113bede00                     Options.is_fd_close_on_exec: 1
2020/11/16-11:52:10.127269 113bede00                   Options.advise_random_on_open: 1
2020/11/16-11:52:10.127270 113bede00                    Options.db_write_buffer_size: 0
2020/11/16-11:52:10.127271 113bede00                    Options.write_buffer_manager: 0x7ff523516490
2020/11/16-11:52:10.127272 113bede00         Options.access_hint_on_compaction_start: 1
2020/11/16-11:52:10.127273 113bede00  Options.new_table_reader_for_compaction_inputs: 0
2020/11/16-11:52:10.127274 113bede00           Options.random_access_max_buffer_size: 1048576
2020/11/16-11:52:10.127275 113bede00                      Options.use_adaptive_mutex: 0
2020/11/16-11:52:10.127276 113bede00                            Options.rate_limiter: 0x0
2020/11/16-11:52:10.127279 113bede00     Options.sst_file_manager.rate_bytes_per_sec: 0
2020/11/16-11:52:10.127304 113bede00                       Options.wal_recovery_mode: 2
2020/11/16-11:52:10.127305 113bede00                  Options.enable_thread_tracking: 0
2020/11/16-11:52:10.127306 113bede00                  Options.enable_pipelined_write: 0
2020/11/16-11:52:10.127307 113bede00                  Options.unordered_write: 0
2020/11/16-11:52:10.127308 113bede00         Options.allow_concurrent_memtable_write: 1
2020/11/16-11:52:10.127309 113bede00      Options.enable_write_thread_adaptive_yield: 1
2020/11/16-11:52:10.127310 113bede00             Options.write_thread_max_yield_usec: 100
2020/11/16-11:52:10.127311 113bede00            Options.write_thread_slow_yield_usec: 3
2020/11/16-11:52:10.127312 113bede00                               Options.row_cache: None
2020/11/16-11:52:10.127313 113bede00                              Options.wal_filter: None
2020/11/16-11:52:10.127316 113bede00             Options.avoid_flush_during_recovery: 0
2020/11/16-11:52:10.127317 113bede00             Options.allow_ingest_behind: 0
2020/11/16-11:52:10.127318 113bede00             Options.preserve_deletes: 0
2020/11/16-11:52:10.127319 113bede00             Options.two_write_queues: 0
2020/11/16-11:52:10.127320 113bede00             Options.manual_wal_flush: 0
2020/11/16-11:52:10.127321 113bede00             Options.atomic_flush: 1
2020/11/16-11:52:10.127322 113bede00             Options.avoid_unnecessary_blocking_io: 0
2020/11/16-11:52:10.127323 113bede00                 Options.persist_stats_to_disk: 0
2020/11/16-11:52:10.127324 113bede00                 Options.write_dbid_to_manifest: 0
2020/11/16-11:52:10.127325 113bede00                 Options.log_readahead_size: 0
2020/11/16-11:52:10.127326 113bede00                 Options.file_checksum_gen_factory: Unknown
2020/11/16-11:52:10.127329 113bede00                 Options.best_efforts_recovery: 0
2020/11/16-11:52:10.127330 113bede00             Options.max_background_jobs: 12
2020/11/16-11:52:10.127331 113bede00             Options.max_background_compactions: -1
2020/11/16-11:52:10.127333 113bede00             Options.avoid_flush_during_shutdown: 0
2020/11/16-11:52:10.127334 113bede00           Options.writable_file_max_buffer_size: 1048576
2020/11/16-11:52:10.127335 113bede00             Options.delayed_write_rate : 16777216
2020/11/16-11:52:10.127336 113bede00             Options.max_total_wal_size: 0
2020/11/16-11:52:10.127337 113bede00             Options.delete_obsolete_files_period_micros: 21600000000
2020/11/16-11:52:10.127338 113bede00                   Options.stats_dump_period_sec: 600
2020/11/16-11:52:10.127339 113bede00                 Options.stats_persist_period_sec: 600
2020/11/16-11:52:10.127340 113bede00                 Options.stats_history_buffer_size: 1048576
2020/11/16-11:52:10.127341 113bede00                          Options.max_open_files: -1
2020/11/16-11:52:10.127342 113bede00                          Options.bytes_per_sync: 0
2020/11/16-11:52:10.127343 113bede00                      Options.wal_bytes_per_sync: 0
2020/11/16-11:52:10.127344 113bede00                   Options.strict_bytes_per_sync: 0
2020/11/16-11:52:10.127345 113bede00       Options.compaction_readahead_size: 0
2020/11/16-11:52:10.127346 113bede00                  Options.max_background_flushes: -1
2020/11/16-11:52:10.127347 113bede00 Compression algorithms supported:
2020/11/16-11:52:10.127348 113bede00 	kZSTD supported: 0
2020/11/16-11:52:10.127350 113bede00 	kZlibCompression supported: 0
2020/11/16-11:52:10.127351 113bede00 	kXpressCompression supported: 0
2020/11/16-11:52:10.127352 113bede00 	kSnappyCompression supported: 0
2020/11/16-11:52:10.127353 113bede00 	kZSTDNotFinalCompression supported: 0
2020/11/16-11:52:10.127354 113bede00 	kLZ4HCCompression supported: 0
2020/11/16-11:52:10.127355 113bede00 	kLZ4Compression supported: 0
2020/11/16-11:52:10.127356 113bede00 	kBZip2Compression supported: 0
2020/11/16-11:52:10.127360 113bede00 Fast CRC32 supported: Supported on x86
2020/11/16-11:52:10.127925 113bede00 [db/version_set.cc:4555] Recovering from manifest file: ./database/alphanet/MANIFEST-000061
2020/11/16-11:52:10.128035 113bede00 [db/column_family.cc:579] --------------- Options for column family [default]:
2020/11/16-11:52:10.128039 113bede00               Options.comparator: leveldb.BytewiseComparator
2020/11/16-11:52:10.128042 113bede00           Options.merge_operator: None
2020/11/16-11:52:10.128043 113bede00        Options.compaction_filter: None
2020/11/16-11:52:10.128045 113bede00        Options.compaction_filter_factory: None
2020/11/16-11:52:10.128046 113bede00         Options.memtable_factory: SkipListFactory
2020/11/16-11:52:10.128047 113bede00            Options.table_factory: BlockBasedTable
2020/11/16-11:52:10.128089 113bede00            table_factory options:   flush_block_policy_factory: FlushBlockBySizePolicyFactory (0x7ff523514c60)
  cache_index_and_filter_blocks: 0
  cache_index_and_filter_blocks_with_high_priority: 1
  pin_l0_filter_and_index_blocks_in_cache: 0
  pin_top_level_index_and_filter: 1
  index_type: 0
  data_block_index_type: 0
  index_shortening: 1
  data_block_hash_table_util_ratio: 0.750000
  hash_index_allow_collision: 1
  checksum: 1
  no_block_cache: 0
  block_cache: 0x7ff523514ca8
  block_cache_name: LRUCache
  block_cache_options:
    capacity : 8388608
    num_shard_bits : 4
    strict_capacity_limit : 0
    memory_allocator : None
    high_pri_pool_ratio: 0.000
  block_cache_compressed: 0x0
  persistent_cache: 0x0
  block_size: 4096
  block_size_deviation: 10
  block_restart_interval: 16
  index_block_restart_interval: 1
  metadata_block_size: 4096
  partition_filters: 0
  use_delta_encoding: 1
  filter_policy: nullptr
  whole_key_filtering: 1
  verify_compression: 0
  read_amp_bytes_per_bit: 0
  format_version: 4
  enable_index_compression: 1
  block_align: 0
2020/11/16-11:52:10.128093 113bede00        Options.write_buffer_size: 67108864
2020/11/16-11:52:10.128094 113bede00  Options.max_write_buffer_number: 2
2020/11/16-11:52:10.128095 113bede00          Options.compression: NoCompression
2020/11/16-11:52:10.128096 113bede00                  Options.bottommost_compression: Disabled
2020/11/16-11:52:10.128098 113bede00       Options.prefix_extractor: nullptr
2020/11/16-11:52:10.128099 113bede00   Options.memtable_insert_with_hint_prefix_extractor: nullptr
2020/11/16-11:52:10.128100 113bede00             Options.num_levels: 7
2020/11/16-11:52:10.128101 113bede00        Options.min_write_buffer_number_to_merge: 1
2020/11/16-11:52:10.128102 113bede00     Options.max_write_buffer_number_to_maintain: 0
2020/11/16-11:52:10.128103 113bede00     Options.max_write_buffer_size_to_maintain: 0
2020/11/16-11:52:10.128104 113bede00            Options.bottommost_compression_opts.window_bits: -14
2020/11/16-11:52:10.128105 113bede00                  Options.bottommost_compression_opts.level: 32767
2020/11/16-11:52:10.128106 113bede00               Options.bottommost_compression_opts.strategy: 0
2020/11/16-11:52:10.128107 113bede00         Options.bottommost_compression_opts.max_dict_bytes: 0
2020/11/16-11:52:10.128108 113bede00         Options.bottommost_compression_opts.zstd_max_train_bytes: 0
2020/11/16-11:52:10.128109 113bede00         Options.bottommost_compression_opts.parallel_threads: 1
2020/11/16-11:52:10.128110 113bede00                  Options.bottommost_compression_opts.enabled: false
2020/11/16-11:52:10.128111 113bede00            Options.compression_opts.window_bits: -14
2020/11/16-11:52:10.128112 113bede00                  Options.compression_opts.level: 32767
2020/11/16-11:52:10.128113 113bede00               Options.compression_opts.strategy: 0
2020/11/16-11:52:10.128114 113bede00         Options.compression_opts.max_dict_bytes: 0
2020/11/16-11:52:10.128115 113bede00         Options.compression_opts.zstd_max_train_bytes: 0
2020/11/16-11:52:10.128116 113bede00         Options.compression_opts.parallel_threads: 1
2020/11/16-11:52:10.128117 113bede00                  Options.compression_opts.enabled: false
2020/11/16-11:52:10.128118 113bede00      Options.level0_file_num_compaction_trigger: 4
2020/11/16-11:52:10.128119 113bede00          Options.level0_slowdown_writes_trigger: 20
2020/11/16-11:52:10.128141 113bede00              Options.level0_stop_writes_trigger: 36
2020/11/16-11:52:10.128143 113bede00                   Options.target_file_size_base: 67108864
2020/11/16-11:52:10.128144 113bede00             Options.target_file_size_multiplier: 1
2020/11/16-11:52:10.128145 113bede00                Options.max_bytes_for_level_base: 268435456
2020/11/16-11:52:10.128146 113bede00 Options.level_compaction_dynamic_level_bytes: 0
2020/11/16-11:52:10.128147 113bede00          Options.max_bytes_for_level_multiplier: 10.000000
2020/11/16-11:52:10.128148 113bede00 Options.max_bytes_for_level_multiplier_addtl[0]: 1
2020/11/16-11:52:10.128150 113bede00 Options.max_bytes_for_level_multiplier_addtl[1]: 1
2020/11/16-11:52:10.128151 113bede00 Options.max_bytes_for_level_multiplier_addtl[2]: 1
2020/11/16-11:52:10.128152 113bede00 Options.max_bytes_for_level_multiplier_addtl[3]: 1
2020/11/16-11:52:10.128153 113bede00 Options.max_bytes_for_level_multiplier_addtl[4]: 1
2020/11/16-11:52:10.128154 113bede00 Options.max_bytes_for_level_multiplier_addtl[5]: 1
2020/11/16-11:52:10.128155 113bede00 Options.max_bytes_for_level_multiplier_addtl[6]: 1
2020/11/16-11:52:10.128156 113bede00       Options.max_sequential_skip_in_iterations: 8
2020/11/16-11:52:10.128157 113bede00                    Options.max_compaction_bytes: 1677721600
2020/11/16-11:52:10.128158 113bede00                        Options.arena_block_size: 8388608
2020/11/16-11:52:10.128159 113bede00   Options.soft_pending_compaction_bytes_limit: 68719476736
2020/11/16-11:52:10.128160 113bede00   Options.hard_pending_compaction_bytes_limit: 274877906944
2020/11/16-11:52:10.128161 113bede00       Options.rate_limit_delay_max_milliseconds: 100
2020/11/16-11:52:10.128162 113bede00                Options.disable_auto_compactions: 0
2020/11/16-11:52:10.128163 113bede00                        Options.compaction_style: kCompactionStyleLevel
2020/11/16-11:52:10.128164 113bede00                          Options.compaction_pri: kMinOverlappingRatio
2020/11/16-11:52:10.128165 113bede00 Options.compaction_options_universal.size_ratio: 1
2020/11/16-11:52:10.128166 113bede00 Options.compaction_options_universal.min_merge_width: 2
2020/11/16-11:52:10.128167 113bede00 Options.compaction_options_universal.max_merge_width: 4294967295
2020/11/16-11:52:10.128169 113bede00 Options.compaction_options_universal.max_size_amplification_percent: 200
2020/11/16-11:52:10.128170 113bede00 Options.compaction_options_universal.compression_size_percent: -1
2020/11/16-11:52:10.128171 113bede00 Options.compaction_options_universal.stop_style: kCompactionStopStyleTotalSize
2020/11/16-11:52:10.128172 113bede00 Options.compaction_options_fifo.max_table_files_size: 1073741824
2020/11/16-11:52:10.128174 113bede00 Options.compaction_options_fifo.allow_compaction: 0
2020/11/16-11:52:10.128181 113bede00                   Options.table_properties_collectors: 
2020/11/16-11:52:10.128183 113bede00                   Options.inplace_update_support: 0
2020/11/16-11:52:10.128184 113bede00                 Options.inplace_update_num_locks: 10000
2020/11/16-11:52:10.128185 113bede00               Options.memtable_prefix_bloom_size_ratio: 0.000000
2020/11/16-11:52:10.128186 113bede00               Options.memtable_whole_key_filtering: 0
2020/11/16-11:52:10.128187 113bede00   Options.memtable_huge_page_size: 0
2020/11/16-11:52:10.128188 113bede00                           Options.bloom_locality: 0
2020/11/16-11:52:10.128189 113bede00                    Options.max_successive_merges: 0
2020/11/16-11:52:10.128190 113bede00                Options.optimize_filters_for_hits: 0
2020/11/16-11:52:10.128191 113bede00                Options.paranoid_file_checks: 0
2020/11/16-11:52:10.128192 113bede00                Options.force_consistency_checks: 0
2020/11/16-11:52:10.128193 113bede00                Options.report_bg_io_stats: 0
2020/11/16-11:52:10.128194 113bede00                               Options.ttl: 2592000
2020/11/16-11:52:10.128195 113bede00          Options.periodic_compaction_seconds: 0
2020/11/16-11:52:10.128691 113bede00 [db/column_family.cc:579] --------------- Options for column family [message_id_to_message]:
2020/11/16-11:52:10.128699 113bede00               Options.comparator: leveldb.BytewiseComparator
2020/11/16-11:52:10.128700 113bede00           Options.merge_operator: None
2020/11/16-11:52:10.128702 113bede00        Options.compaction_filter: None
2020/11/16-11:52:10.128703 113bede00        Options.compaction_filter_factory: None
2020/11/16-11:52:10.128704 113bede00         Options.memtable_factory: SkipListFactory
2020/11/16-11:52:10.128705 113bede00            Options.table_factory: BlockBasedTable
2020/11/16-11:52:10.128725 113bede00            table_factory options:   flush_block_policy_factory: FlushBlockBySizePolicyFactory (0x7ff52350d890)
  cache_index_and_filter_blocks: 0
  cache_index_and_filter_blocks_with_high_priority: 1
  pin_l0_filter_and_index_blocks_in_cache: 0
  pin_top_level_index_and_filter: 1
  index_type: 0
  data_block_index_type: 0
  index_shortening: 1
  data_block_hash_table_util_ratio: 0.750000
  hash_index_allow_collision: 1
  checksum: 1
  no_block_cache: 0
  block_cache: 0x7ff52350fb98
  block_cache_name: LRUCache
  block_cache_options:
    capacity : 8388608
    num_shard_bits : 4
    strict_capacity_limit : 0
    memory_allocator : None
    high_pri_pool_ratio: 0.000
  block_cache_compressed: 0x0
  persistent_cache: 0x0
  block_size: 4096
  block_size_deviation: 10
  block_restart_interval: 16
  index_block_restart_interval: 1
  metadata_block_size: 4096
  partition_filters: 0
  use_delta_encoding: 1
  filter_policy: nullptr
  whole_key_filtering: 1
  verify_compression: 0
  read_amp_bytes_per_bit: 0
  format_version: 4
  enable_index_compression: 1
  block_align: 0
2020/11/16-11:52:10.128727 113bede00        Options.write_buffer_size: 67108864
2020/11/16-11:52:10.128728 113bede00  Options.max_write_buffer_number: 2
2020/11/16-11:52:10.128729 113bede00          Options.compression: NoCompression
2020/11/16-11:52:10.128730 113bede00                  Options.bottommost_compression: Disabled
2020/11/16-11:52:10.128732 113bede00       Options.prefix_extractor: nullptr
2020/11/16-11:52:10.128733 113bede00   Options.memtable_insert_with_hint_prefix_extractor: nullptr
2020/11/16-11:52:10.128734 113bede00             Options.num_levels: 7
2020/11/16-11:52:10.128735 113bede00        Options.min_write_buffer_number_to_merge: 1
2020/11/16-11:52:10.128736 113bede00     Options.max_write_buffer_number_to_maintain: 0
2020/11/16-11:52:10.128737 113bede00     Options.max_write_buffer_size_to_maintain: 0
2020/11/16-11:52:10.128738 113bede00            Options.bottommost_compression_opts.window_bits: -14
2020/11/16-11:52:10.128739 113bede00                  Options.bottommost_compression_opts.level: 32767
2020/11/16-11:52:10.128740 113bede00               Options.bottommost_compression_opts.strategy: 0
2020/11/16-11:52:10.128741 113bede00         Options.bottommost_compression_opts.max_dict_bytes: 0
2020/11/16-11:52:10.128742 113bede00         Options.bottommost_compression_opts.zstd_max_train_bytes: 0
2020/11/16-11:52:10.128743 113bede00         Options.bottommost_compression_opts.parallel_threads: 1
2020/11/16-11:52:10.128744 113bede00                  Options.bottommost_compression_opts.enabled: false
2020/11/16-11:52:10.128746 113bede00            Options.compression_opts.window_bits: -14
2020/11/16-11:52:10.128747 113bede00                  Options.compression_opts.level: 32767
2020/11/16-11:52:10.128748 113bede00               Options.compression_opts.strategy: 0
2020/11/16-11:52:10.128749 113bede00         Options.compression_opts.max_dict_bytes: 0
2020/11/16-11:52:10.128750 113bede00         Options.compression_opts.zstd_max_train_bytes: 0
2020/11/16-11:52:10.128751 113bede00         Options.compression_opts.parallel_threads: 1
2020/11/16-11:52:10.128752 113bede00                  Options.compression_opts.enabled: false
2020/11/16-11:52:10.128753 113bede00      Options.level0_file_num_compaction_trigger: 4
2020/11/16-11:52:10.128754 113bede00          Options.level0_slowdown_writes_trigger: 20
2020/11/16-11:52:10.128795 113bede00              Options.level0_stop_writes_trigger: 36
2020/11/16-11:52:10.128796 113bede00                   Options.target_file_size_base: 67108864
2020/11/16-11:52:10.128797 113bede00             Options.target_file_size_multiplier: 1
2020/11/16-11:52:10.128798 113bede00                Options.max_bytes_for_level_base: 268435456
2020/11/16-11:52:10.128799 113bede00 Options.level_compaction_dynamic_level_bytes: 0
2020/11/16-11:52:10.128800 113bede00          Options.max_bytes_for_level_multiplier: 10.000000
2020/11/16-11:52:10.128802 113bede00 Options.max_bytes_for_level_multiplier_addtl[0]: 1
2020/11/16-11:52:10.128803 113bede00 Options.max_bytes_for_level_multiplier_addtl[1]: 1
2020/11/16-11:52:10.128804 113bede00 Options.max_bytes_for_level_multiplier_addtl[2]: 1
2020/11/16-11:52:10.128805 113bede00 Options.max_bytes_for_level_multiplier_addtl[3]: 1
2020/11/16-11:52:10.128806 113bede00 Options.max_bytes_for_level_multiplier_addtl[4]: 1
2020/11/16-11:52:10.128807 113bede00 Options.max_bytes_for_level_multiplier_addtl[5]: 1
2020/11/16-11:52:10.128808 113bede00 Options.max_bytes_for_level_multiplier_addtl[6]: 1
2020/11/16-11:52:10.128809 113bede00       Options.max_sequential_skip_in_iterations: 8
2020/11/16-11:52:10.128810 113bede00                    Options.max_compaction_bytes: 1677721600
2020/11/16-11:52:10.128811 113bede00                        Options.arena_block_size: 8388608
2020/11/16-11:52:10.128812 113bede00   Options.soft_pending_compaction_bytes_limit: 68719476736
2020/11/16-11:52:10.128813 113bede00   Options.hard_pending_compaction_bytes_limit: 274877906944
2020/11/16-11:52:10.128815 113bede00       Options.rate_limit_delay_max_milliseconds: 100
2020/11/16-11:52:10.128816 113bede00                Options.disable_auto_compactions: 0
2020/11/16-11:52:10.128817 113bede00                        Options.compaction_style: kCompactionStyleLevel
2020/11/16-11:52:10.128818 113bede00                          Options.compaction_pri: kMinOverlappingRatio
2020/11/16-11:52:10.128819 113bede00 Options.compaction_options_universal.size_ratio: 1
2020/11/16-11:52:10.128820 113bede00 Options.compaction_options_universal.min_merge_width: 2
2020/11/16-11:52:10.128821 113bede00 Options.compaction_options_universal.max_merge_width: 4294967295
2020/11/16-11:52:10.128822 113bede00 Options.compaction_options_universal.max_size_amplification_percent: 200
2020/11/16-11:52:10.128824 113bede00 Options.compaction_options_universal.compression_size_percent: -1
2020/11/16-11:52:10.128825 113bede00 Options.compaction_options_universal.stop_style: kCompactionStopStyleTotalSize
2020/11/16-11:52:10.128826 113bede00 Options.compaction_options_fifo.max_table_files_size: 1073741824
2020/11/16-11:52:10.128827 113bede00 Options.compaction_options_fifo.allow_compaction: 0
2020/11/16-11:52:10.128829 113bede00                   Options.table_properties_collectors: 
2020/11/16-11:52:10.128830 113bede00                   Options.inplace_update_support: 0
2020/11/16-11:52:10.128831 113bede00                 Options.inplace_update_num_locks: 10000
2020/11/16-11:52:10.128832 113bede00               Options.memtable_prefix_bloom_size_ratio: 0.000000
2020/11/16-11:52:10.128833 113bede00               Options.memtable_whole_key_filtering: 0
2020/11/16-11:52:10.128835 113bede00   Options.memtable_huge_page_size: 0
2020/11/16-11:52:10.128836 113bede00                           Options.bloom_locality: 0
2020/11/16-11:52:10.128837 113bede00                    Options.max_successive_merges: 0
2020/11/16-11:52:10.128838 113bede00                Options.optimize_filters_for_hits: 0
2020/11/16-11:52:10.128839 113bede00                Options.paranoid_file_checks: 0
2020/11/16-11:52:10.128840 113bede00                Options.force_consistency_checks: 0
2020/11/16-11:52:10.128841 113bede00                Options.report_bg_io_stats: 0
2020/11/16-11:52:10.128842 113bede00                               Options.ttl: 2592000
2020/11/16-11:52:10.128843 113bede00          Options.periodic_compaction_seconds: 0
2020/11/16-11:52:10.128904 113bede00 [db/column_family.cc:579] --------------- Options for column family [message_id_to_message_id]:
2020/11/16-11:52:10.128906 113bede00               Options.comparator: leveldb.BytewiseComparator
2020/11/16-11:52:10.128908 113bede00           Options.merge_operator: None
2020/11/16-11:52:10.128909 113bede00        Options.compaction_filter: None
2020/11/16-11:52:10.128910 113bede00        Options.compaction_filter_factory: None
2020/11/16-11:52:10.128911 113bede00         Options.memtable_factory: SkipListFactory
2020/11/16-11:52:10.128912 113bede00            Options.table_factory: BlockBasedTable
2020/11/16-11:52:10.128927 113bede00            table_factory options:   flush_block_policy_factory: FlushBlockBySizePolicyFactory (0x7ff5235111a0)
  cache_index_and_filter_blocks: 0
  cache_index_and_filter_blocks_with_high_priority: 1
  pin_l0_filter_and_index_blocks_in_cache: 0
  pin_top_level_index_and_filter: 1
  index_type: 0
  data_block_index_type: 0
  index_shortening: 1
  data_block_hash_table_util_ratio: 0.750000
  hash_index_allow_collision: 1
  checksum: 1
  no_block_cache: 0
  block_cache: 0x7ff5235111e8
  block_cache_name: LRUCache
  block_cache_options:
    capacity : 8388608
    num_shard_bits : 4
    strict_capacity_limit : 0
    memory_allocator : None
    high_pri_pool_ratio: 0.000
  block_cache_compressed: 0x0
  persistent_cache: 0x0
  block_size: 4096
  block_size_deviation: 10
  block_restart_interval: 16
  index_block_restart_interval: 1
  metadata_block_size: 4096
  partition_filters: 0
  use_delta_encoding: 1
  filter_policy: nullptr
  whole_key_filtering: 1
  verify_compression: 0
  read_amp_bytes_per_bit: 0
  format_version: 4
  enable_index_compression: 1
  block_align: 0
2020/11/16-11:52:10.128928 113bede00        Options.write_buffer_size: 67108864
2020/11/16-11:52:10.128929 113bede00  Options.max_write_buffer_number: 2
2020/11/16-11:52:10.128930 113bede00          Options.compression: NoCompression
2020/11/16-11:52:10.128931 113bede00                  Options.bottommost_compression: Disabled
2020/11/16-11:52:10.128933 113bede00       Options.prefix_extractor: rocksdb.FixedPrefix.32
2020/11/16-11:52:10.128934 113bede00   Options.memtable_insert_with_hint_prefix_extractor: nullptr
2020/11/16-11:52:10.128935 113bede00             Options.num_levels: 7
2020/11/16-11:52:10.128936 113bede00        Options.min_write_buffer_number_to_merge: 1
2020/11/16-11:52:10.128937 113bede00     Options.max_write_buffer_number_to_maintain: 0
2020/11/16-11:52:10.128938 113bede00     Options.max_write_buffer_size_to_maintain: 0
2020/11/16-11:52:10.128939 113bede00            Options.bottommost_compression_opts.window_bits: -14
2020/11/16-11:52:10.128940 113bede00                  Options.bottommost_compression_opts.level: 32767
2020/11/16-11:52:10.128941 113bede00               Options.bottommost_compression_opts.strategy: 0
2020/11/16-11:52:10.128942 113bede00         Options.bottommost_compression_opts.max_dict_bytes: 0
2020/11/16-11:52:10.128943 113bede00         Options.bottommost_compression_opts.zstd_max_train_bytes: 0
2020/11/16-11:52:10.128944 113bede00         Options.bottommost_compression_opts.parallel_threads: 1
2020/11/16-11:52:10.128945 113bede00                  Options.bottommost_compression_opts.enabled: false
2020/11/16-11:52:10.128946 113bede00            Options.compression_opts.window_bits: -14
2020/11/16-11:52:10.128947 113bede00                  Options.compression_opts.level: 32767
2020/11/16-11:52:10.128948 113bede00               Options.compression_opts.strategy: 0
2020/11/16-11:52:10.128949 113bede00         Options.compression_opts.max_dict_bytes: 0
2020/11/16-11:52:10.128950 113bede00         Options.compression_opts.zstd_max_train_bytes: 0
2020/11/16-11:52:10.128951 113bede00         Options.compression_opts.parallel_threads: 1
2020/11/16-11:52:10.128952 113bede00                  Options.compression_opts.enabled: false
2020/11/16-11:52:10.128954 113bede00      Options.level0_file_num_compaction_trigger: 4
2020/11/16-11:52:10.128954 113bede00          Options.level0_slowdown_writes_trigger: 20
2020/11/16-11:52:10.128973 113bede00              Options.level0_stop_writes_trigger: 36
2020/11/16-11:52:10.128975 113bede00                   Options.target_file_size_base: 67108864
2020/11/16-11:52:10.128976 113bede00             Options.target_file_size_multiplier: 1
2020/11/16-11:52:10.128977 113bede00                Options.max_bytes_for_level_base: 268435456
2020/11/16-11:52:10.128978 113bede00 Options.level_compaction_dynamic_level_bytes: 0
2020/11/16-11:52:10.128979 113bede00          Options.max_bytes_for_level_multiplier: 10.000000
2020/11/16-11:52:10.128980 113bede00 Options.max_bytes_for_level_multiplier_addtl[0]: 1
2020/11/16-11:52:10.128981 113bede00 Options.max_bytes_for_level_multiplier_addtl[1]: 1
2020/11/16-11:52:10.128982 113bede00 Options.max_bytes_for_level_multiplier_addtl[2]: 1
2020/11/16-11:52:10.128983 113bede00 Options.max_bytes_for_level_multiplier_addtl[3]: 1
2020/11/16-11:52:10.128984 113bede00 Options.max_bytes_for_level_multiplier_addtl[4]: 1
2020/11/16-11:52:10.128985 113bede00 Options.max_bytes_for_level_multiplier_addtl[5]: 1
2020/11/16-11:52:10.128986 113bede00 Options.max_bytes_for_level_multiplier_addtl[6]: 1
2020/11/16-11:52:10.128987 113bede00       Options.max_sequential_skip_in_iterations: 8
2020/11/16-11:52:10.128988 113bede00                    Options.max_compaction_bytes: 1677721600
2020/11/16-11:52:10.128989 113bede00                        Options.arena_block_size: 8388608
2020/11/16-11:52:10.128991 113bede00   Options.soft_pending_compaction_bytes_limit: 68719476736
2020/11/16-11:52:10.128992 113bede00   Options.hard_pending_compaction_bytes_limit: 274877906944
2020/11/16-11:52:10.128993 113bede00       Options.rate_limit_delay_max_milliseconds: 100
2020/11/16-11:52:10.128994 113bede00                Options.disable_auto_compactions: 0
2020/11/16-11:52:10.128995 113bede00                        Options.compaction_style: kCompactionStyleLevel
2020/11/16-11:52:10.128996 113bede00                          Options.compaction_pri: kMinOverlappingRatio
2020/11/16-11:52:10.128997 113bede00 Options.compaction_options_universal.size_ratio: 1
2020/11/16-11:52:10.128998 113bede00 Options.compaction_options_universal.min_merge_width: 2
2020/11/16-11:52:10.128999 113bede00 Options.compaction_options_universal.max_merge_width: 4294967295
2020/11/16-11:52:10.129000 113bede00 Options.compaction_options_universal.max_size_amplification_percent: 200
2020/11/16-11:52:10.129001 113bede00 Options.compaction_options_universal.compression_size_percent: -1
2020/11/16-11:52:10.129002 113bede00 Options.compaction_options_universal.stop_style: kCompactionStopStyleTotalSize
2020/11/16-11:52:10.129004 113bede00 Options.compaction_options_fifo.max_table_files_size: 1073741824
2020/11/16-11:52:10.129005 113bede00 Options.compaction_options_fifo.allow_compaction: 0
2020/11/16-11:52:10.129006 113bede00                   Options.table_properties_collectors: 
2020/11/16-11:52:10.129007 113bede00                   Options.inplace_update_support: 0
2020/11/16-11:52:10.129008 113bede00                 Options.inplace_update_num_locks: 10000
2020/11/16-11:52:10.129009 113bede00               Options.memtable_prefix_bloom_size_ratio: 0.000000
2020/11/16-11:52:10.129010 113bede00               Options.memtable_whole_key_filtering: 0
2020/11/16-11:52:10.129011 113bede00   Options.memtable_huge_page_size: 0
2020/11/16-11:52:10.129012 113bede00                           Options.bloom_locality: 0
2020/11/16-11:52:10.129013 113bede00                    Options.max_successive_merges: 0
2020/11/16-11:52:10.129014 113bede00                Options.optimize_filters_for_hits: 0
2020/11/16-11:52:10.129015 113bede00                Options.paranoid_file_checks: 0
2020/11/16-11:52:10.129016 113bede00                Options.force_consistency_checks: 0
2020/11/16-11:52:10.129017 113bede00                Options.report_bg_io_stats: 0
2020/11/16-11:52:10.129018 113bede00                               Options.ttl: 2592000
2020/11/16-11:52:10.129019 113bede00          Options.periodic_compaction_seconds: 0
2020/11/16-11:52:10.129071 113bede00 [db/column_family.cc:579] --------------- Options for column family [index_to_message_id]:
2020/11/16-11:52:10.129073 113bede00               Options.comparator: leveldb.BytewiseComparator
2020/11/16-11:52:10.129074 113bede00           Options.merge_operator: None
2020/11/16-11:52:10.129075 113bede00        Options.compaction_filter: None
2020/11/16-11:52:10.129076 113bede00        Options.compaction_filter_factory: None
2020/11/16-11:52:10.129077 113bede00         Options.memtable_factory: SkipListFactory
2020/11/16-11:52:10.129078 113bede00            Options.table_factory: BlockBasedTable
2020/11/16-11:52:10.129094 113bede00            table_factory options:   flush_block_policy_factory: FlushBlockBySizePolicyFactory (0x7ff523511d90)
  cache_index_and_filter_blocks: 0
  cache_index_and_filter_blocks_with_high_priority: 1
  pin_l0_filter_and_index_blocks_in_cache: 0
  pin_top_level_index_and_filter: 1
  index_type: 0
  data_block_index_type: 0
  index_shortening: 1
  data_block_hash_table_util_ratio: 0.750000
  hash_index_allow_collision: 1
  checksum: 1
  no_block_cache: 0
  block_cache: 0x7ff523511dd8
  block_cache_name: LRUCache
  block_cache_options:
    capacity : 8388608
    num_shard_bits : 4
    strict_capacity_limit : 0
    memory_allocator : None
    high_pri_pool_ratio: 0.000
  block_cache_compressed: 0x0
  persistent_cache: 0x0
  block_size: 4096
  block_size_deviation: 10
  block_restart_interval: 16
  index_block_restart_interval: 1
  metadata_block_size: 4096
  partition_filters: 0
  use_delta_encoding: 1
  filter_policy: nullptr
  whole_key_filtering: 1
  verify_compression: 0
  read_amp_bytes_per_bit: 0
  format_version: 4
  enable_index_compression: 1
  block_align: 0
2020/11/16-11:52:10.129096 113bede00        Options.write_buffer_size: 67108864
2020/11/16-11:52:10.129097 113bede00  Options.max_write_buffer_number: 2
2020/11/16-11:52:10.129098 113bede00          Options.compression: NoCompression
2020/11/16-11:52:10.129099 113bede00                  Options.bottommost_compression: Disabled
2020/11/16-11:52:10.129100 113bede00       Options.prefix_extractor: rocksdb.FixedPrefix.32
2020/11/16-11:52:10.129101 113bede00   Options.memtable_insert_with_hint_prefix_extractor: nullptr
2020/11/16-11:52:10.129102 113bede00             Options.num_levels: 7
2020/11/16-11:52:10.129103 113bede00        Options.min_write_buffer_number_to_merge: 1
2020/11/16-11:52:10.129104 113bede00     Options.max_write_buffer_number_to_maintain: 0
2020/11/16-11:52:10.129105 113bede00     Options.max_write_buffer_size_to_maintain: 0
2020/11/16-11:52:10.129106 113bede00            Options.bottommost_compression_opts.window_bits: -14
2020/11/16-11:52:10.129107 113bede00                  Options.bottommost_compression_opts.level: 32767
2020/11/16-11:52:10.129108 113bede00               Options.bottommost_compression_opts.strategy: 0
2020/11/16-11:52:10.129109 113bede00         Options.bottommost_compression_opts.max_dict_bytes: 0
2020/11/16-11:52:10.129110 113bede00         Options.bottommost_compression_opts.zstd_max_train_bytes: 0
2020/11/16-11:52:10.129111 113bede00         Options.bottommost_compression_opts.parallel_threads: 1
2020/11/16-11:52:10.129112 113bede00                  Options.bottommost_compression_opts.enabled: false
2020/11/16-11:52:10.129113 113bede00            Options.compression_opts.window_bits: -14
2020/11/16-11:52:10.129114 113bede00                  Options.compression_opts.level: 32767
2020/11/16-11:52:10.129115 113bede00               Options.compression_opts.strategy: 0
2020/11/16-11:52:10.129116 113bede00         Options.compression_opts.max_dict_bytes: 0
2020/11/16-11:52:10.129117 113bede00         Options.compression_opts.zstd_max_train_bytes: 0
2020/11/16-11:52:10.129118 113bede00         Options.compression_opts.parallel_threads: 1
2020/11/16-11:52:10.129119 113bede00                  Options.compression_opts.enabled: false
2020/11/16-11:52:10.129120 113bede00      Options.level0_file_num_compaction_trigger: 4
2020/11/16-11:52:10.129138 113bede00          Options.level0_slowdown_writes_trigger: 20
2020/11/16-11:52:10.129139 113bede00              Options.level0_stop_writes_trigger: 36
2020/11/16-11:52:10.129140 113bede00                   Options.target_file_size_base: 67108864
2020/11/16-11:52:10.129141 113bede00             Options.target_file_size_multiplier: 1
2020/11/16-11:52:10.129142 113bede00                Options.max_bytes_for_level_base: 268435456
2020/11/16-11:52:10.129144 113bede00 Options.level_compaction_dynamic_level_bytes: 0
2020/11/16-11:52:10.129145 113bede00          Options.max_bytes_for_level_multiplier: 10.000000
2020/11/16-11:52:10.129146 113bede00 Options.max_bytes_for_level_multiplier_addtl[0]: 1
2020/11/16-11:52:10.129147 113bede00 Options.max_bytes_for_level_multiplier_addtl[1]: 1
2020/11/16-11:52:10.129148 113bede00 Options.max_bytes_for_level_multiplier_addtl[2]: 1
2020/11/16-11:52:10.129149 113bede00 Options.max_bytes_for_level_multiplier_addtl[3]: 1
2020/11/16-11:52:10.129150 113bede00 Options.max_bytes_for_level_multiplier_addtl[4]: 1
2020/11/16-11:52:10.129151 113bede00 Options.max_bytes_for_level_multiplier_addtl[5]: 1
2020/11/16-11:52:10.129152 113bede00 Options.max_bytes_for_level_multiplier_addtl[6]: 1
2020/11/16-11:52:10.129153 113bede00       Options.max_sequential_skip_in_iterations: 8
2020/11/16-11:52:10.129154 113bede00                    Options.max_compaction_bytes: 1677721600
2020/11/16-11:52:10.129155 113bede00                        Options.arena_block_size: 8388608
2020/11/16-11:52:10.129156 113bede00   Options.soft_pending_compaction_bytes_limit: 68719476736
2020/11/16-11:52:10.129157 113bede00   Options.hard_pending_compaction_bytes_limit: 274877906944
2020/11/16-11:52:10.129158 113bede00       Options.rate_limit_delay_max_milliseconds: 100
2020/11/16-11:52:10.129159 113bede00                Options.disable_auto_compactions: 0
2020/11/16-11:52:10.129161 113bede00                        Options.compaction_style: kCompactionStyleLevel
2020/11/16-11:52:10.129162 113bede00                          Options.compaction_pri: kMinOverlappingRatio
2020/11/16-11:52:10.129163 113bede00 Options.compaction_options_universal.size_ratio: 1
2020/11/16-11:52:10.129164 113bede00 Options.compaction_options_universal.min_merge_width: 2
2020/11/16-11:52:10.129165 113bede00 Options.compaction_options_universal.max_merge_width: 4294967295
2020/11/16-11:52:10.129166 113bede00 Options.compaction_options_universal.max_size_amplification_percent: 200
2020/11/16-11:52:10.129167 113bede00 Options.compaction_options_universal.compression_size_percent: -1
2020/11/16-11:52:10.129168 113bede00 Options.compaction_options_universal.stop_style: kCompactionStopStyleTotalSize
2020/11/16-11:52:10.129169 113bede00 Options.compaction_options_fifo.max_table_files_size: 1073741824
2020/11/16-11:52:10.129170 113bede00 Options.compaction_options_fifo.allow_compaction: 0
2020/11/16-11:52:10.129171 113bede00                   Options.table_properties_collectors: 
