2020/11/30-19:30:10.062571 10b1e5e00 RocksDB version: 6.11.4
2020/11/30-19:30:10.062628 10b1e5e00 Git sha rocksdb_build_git_sha:@48bfca38f6f175435052a59791922a1a453d9609@
2020/11/30-19:30:10.062633 10b1e5e00 Compile date Nov 30 2020
2020/11/30-19:30:10.062635 10b1e5e00 DB SUMMARY
2020/11/30-19:30:10.063046 10b1e5e00 CURRENT file:  CURRENT
2020/11/30-19:30:10.063048 10b1e5e00 IDENTITY file:  IDENTITY
2020/11/30-19:30:10.063058 10b1e5e00 MANIFEST file:  MANIFEST-000715 size: 825 Bytes
2020/11/30-19:30:10.063060 10b1e5e00 SST files in ./database/alphanet dir, Total Num: 0, files: 
2020/11/30-19:30:10.063062 10b1e5e00 Write Ahead Log file in ./database/alphanet: 000716.log size: 0 ; 
2020/11/30-19:30:10.063085 10b1e5e00                         Options.error_if_exists: 0
2020/11/30-19:30:10.063087 10b1e5e00                       Options.create_if_missing: 1
2020/11/30-19:30:10.063088 10b1e5e00                         Options.paranoid_checks: 1
2020/11/30-19:30:10.063089 10b1e5e00                                     Options.env: 0x107ca84b8
2020/11/30-19:30:10.063090 10b1e5e00                                      Options.fs: Posix File System
2020/11/30-19:30:10.063091 10b1e5e00                                Options.info_log: 0x7fb5d761b170
2020/11/30-19:30:10.063092 10b1e5e00                Options.max_file_opening_threads: 16
2020/11/30-19:30:10.063093 10b1e5e00                              Options.statistics: 0x7fb5d761a198
2020/11/30-19:30:10.063094 10b1e5e00                               Options.use_fsync: 0
2020/11/30-19:30:10.063095 10b1e5e00                       Options.max_log_file_size: 0
2020/11/30-19:30:10.063096 10b1e5e00                  Options.max_manifest_file_size: 1073741824
2020/11/30-19:30:10.063097 10b1e5e00                   Options.log_file_time_to_roll: 0
2020/11/30-19:30:10.063098 10b1e5e00                       Options.keep_log_file_num: 1000
2020/11/30-19:30:10.063099 10b1e5e00                    Options.recycle_log_file_num: 0
2020/11/30-19:30:10.063100 10b1e5e00                         Options.allow_fallocate: 1
2020/11/30-19:30:10.063101 10b1e5e00                        Options.allow_mmap_reads: 0
2020/11/30-19:30:10.063102 10b1e5e00                       Options.allow_mmap_writes: 0
2020/11/30-19:30:10.063103 10b1e5e00                        Options.use_direct_reads: 0
2020/11/30-19:30:10.063104 10b1e5e00                        Options.use_direct_io_for_flush_and_compaction: 0
2020/11/30-19:30:10.063105 10b1e5e00          Options.create_missing_column_families: 1
2020/11/30-19:30:10.063106 10b1e5e00                              Options.db_log_dir: 
2020/11/30-19:30:10.063107 10b1e5e00                                 Options.wal_dir: ./database/alphanet
2020/11/30-19:30:10.063108 10b1e5e00                Options.table_cache_numshardbits: 6
2020/11/30-19:30:10.063109 10b1e5e00                      Options.max_subcompactions: 1
2020/11/30-19:30:10.063110 10b1e5e00                         Options.WAL_ttl_seconds: 0
2020/11/30-19:30:10.063111 10b1e5e00                       Options.WAL_size_limit_MB: 0
2020/11/30-19:30:10.063112 10b1e5e00                        Options.max_write_batch_group_size_bytes: 1048576
2020/11/30-19:30:10.063113 10b1e5e00             Options.manifest_preallocation_size: 4194304
2020/11/30-19:30:10.063114 10b1e5e00                     Options.is_fd_close_on_exec: 1
2020/11/30-19:30:10.063115 10b1e5e00                   Options.advise_random_on_open: 1
2020/11/30-19:30:10.063116 10b1e5e00                    Options.db_write_buffer_size: 0
2020/11/30-19:30:10.063117 10b1e5e00                    Options.write_buffer_manager: 0x7fb5d761b0e0
2020/11/30-19:30:10.063118 10b1e5e00         Options.access_hint_on_compaction_start: 1
2020/11/30-19:30:10.063119 10b1e5e00  Options.new_table_reader_for_compaction_inputs: 0
2020/11/30-19:30:10.063120 10b1e5e00           Options.random_access_max_buffer_size: 1048576
2020/11/30-19:30:10.063121 10b1e5e00                      Options.use_adaptive_mutex: 0
2020/11/30-19:30:10.063122 10b1e5e00                            Options.rate_limiter: 0x0
2020/11/30-19:30:10.063123 10b1e5e00     Options.sst_file_manager.rate_bytes_per_sec: 0
2020/11/30-19:30:10.063147 10b1e5e00                       Options.wal_recovery_mode: 2
2020/11/30-19:30:10.063149 10b1e5e00                  Options.enable_thread_tracking: 0
2020/11/30-19:30:10.063150 10b1e5e00                  Options.enable_pipelined_write: 0
2020/11/30-19:30:10.063151 10b1e5e00                  Options.unordered_write: 0
2020/11/30-19:30:10.063152 10b1e5e00         Options.allow_concurrent_memtable_write: 1
2020/11/30-19:30:10.063153 10b1e5e00      Options.enable_write_thread_adaptive_yield: 1
2020/11/30-19:30:10.063154 10b1e5e00             Options.write_thread_max_yield_usec: 100
2020/11/30-19:30:10.063155 10b1e5e00            Options.write_thread_slow_yield_usec: 3
2020/11/30-19:30:10.063156 10b1e5e00                               Options.row_cache: None
2020/11/30-19:30:10.063157 10b1e5e00                              Options.wal_filter: None
2020/11/30-19:30:10.063160 10b1e5e00             Options.avoid_flush_during_recovery: 0
2020/11/30-19:30:10.063161 10b1e5e00             Options.allow_ingest_behind: 0
2020/11/30-19:30:10.063162 10b1e5e00             Options.preserve_deletes: 0
2020/11/30-19:30:10.063163 10b1e5e00             Options.two_write_queues: 0
2020/11/30-19:30:10.063164 10b1e5e00             Options.manual_wal_flush: 0
2020/11/30-19:30:10.063165 10b1e5e00             Options.atomic_flush: 1
2020/11/30-19:30:10.063166 10b1e5e00             Options.avoid_unnecessary_blocking_io: 0
2020/11/30-19:30:10.063167 10b1e5e00                 Options.persist_stats_to_disk: 0
2020/11/30-19:30:10.063168 10b1e5e00                 Options.write_dbid_to_manifest: 0
2020/11/30-19:30:10.063169 10b1e5e00                 Options.log_readahead_size: 0
2020/11/30-19:30:10.063170 10b1e5e00                 Options.file_checksum_gen_factory: Unknown
2020/11/30-19:30:10.063173 10b1e5e00                 Options.best_efforts_recovery: 0
2020/11/30-19:30:10.063174 10b1e5e00             Options.max_background_jobs: 12
2020/11/30-19:30:10.063175 10b1e5e00             Options.max_background_compactions: -1
2020/11/30-19:30:10.063176 10b1e5e00             Options.avoid_flush_during_shutdown: 0
2020/11/30-19:30:10.063177 10b1e5e00           Options.writable_file_max_buffer_size: 1048576
2020/11/30-19:30:10.063178 10b1e5e00             Options.delayed_write_rate : 16777216
2020/11/30-19:30:10.063179 10b1e5e00             Options.max_total_wal_size: 0
2020/11/30-19:30:10.063180 10b1e5e00             Options.delete_obsolete_files_period_micros: 21600000000
2020/11/30-19:30:10.063181 10b1e5e00                   Options.stats_dump_period_sec: 600
2020/11/30-19:30:10.063182 10b1e5e00                 Options.stats_persist_period_sec: 600
2020/11/30-19:30:10.063184 10b1e5e00                 Options.stats_history_buffer_size: 1048576
2020/11/30-19:30:10.063185 10b1e5e00                          Options.max_open_files: -1
2020/11/30-19:30:10.063186 10b1e5e00                          Options.bytes_per_sync: 0
2020/11/30-19:30:10.063187 10b1e5e00                      Options.wal_bytes_per_sync: 0
2020/11/30-19:30:10.063188 10b1e5e00                   Options.strict_bytes_per_sync: 0
2020/11/30-19:30:10.063189 10b1e5e00       Options.compaction_readahead_size: 0
2020/11/30-19:30:10.063190 10b1e5e00                  Options.max_background_flushes: -1
2020/11/30-19:30:10.063191 10b1e5e00 Compression algorithms supported:
2020/11/30-19:30:10.063193 10b1e5e00 	kZSTD supported: 0
2020/11/30-19:30:10.063194 10b1e5e00 	kZlibCompression supported: 0
2020/11/30-19:30:10.063195 10b1e5e00 	kXpressCompression supported: 0
2020/11/30-19:30:10.063196 10b1e5e00 	kSnappyCompression supported: 0
2020/11/30-19:30:10.063197 10b1e5e00 	kZSTDNotFinalCompression supported: 0
2020/11/30-19:30:10.063198 10b1e5e00 	kLZ4HCCompression supported: 0
2020/11/30-19:30:10.063199 10b1e5e00 	kLZ4Compression supported: 0
2020/11/30-19:30:10.063200 10b1e5e00 	kBZip2Compression supported: 0
2020/11/30-19:30:10.063204 10b1e5e00 Fast CRC32 supported: Supported on x86
2020/11/30-19:30:10.063370 10b1e5e00 [db/version_set.cc:4555] Recovering from manifest file: ./database/alphanet/MANIFEST-000715
2020/11/30-19:30:10.063457 10b1e5e00 [db/column_family.cc:579] --------------- Options for column family [default]:
2020/11/30-19:30:10.063463 10b1e5e00               Options.comparator: leveldb.BytewiseComparator
2020/11/30-19:30:10.063465 10b1e5e00           Options.merge_operator: None
2020/11/30-19:30:10.063466 10b1e5e00        Options.compaction_filter: None
2020/11/30-19:30:10.063467 10b1e5e00        Options.compaction_filter_factory: None
2020/11/30-19:30:10.063468 10b1e5e00         Options.memtable_factory: SkipListFactory
2020/11/30-19:30:10.063469 10b1e5e00            Options.table_factory: BlockBasedTable
2020/11/30-19:30:10.063485 10b1e5e00            table_factory options:   flush_block_policy_factory: FlushBlockBySizePolicyFactory (0x7fb5d7619a00)
  cache_index_and_filter_blocks: 0
  cache_index_and_filter_blocks_with_high_priority: 1
  pin_l0_filter_and_index_blocks_in_cache: 0
  pin_top_level_index_and_filter: 1
  index_type: 0
  data_block_index_type: 0
  index_shortening: 1
  data_block_hash_table_util_ratio: 0.750000
  hash_index_allow_collision: 1
  checksum: 1
  no_block_cache: 0
  block_cache: 0x7fb5d7619a48
  block_cache_name: LRUCache
  block_cache_options:
    capacity : 8388608
    num_shard_bits : 4
    strict_capacity_limit : 0
    memory_allocator : None
    high_pri_pool_ratio: 0.000
  block_cache_compressed: 0x0
  persistent_cache: 0x0
  block_size: 4096
  block_size_deviation: 10
  block_restart_interval: 16
  index_block_restart_interval: 1
  metadata_block_size: 4096
  partition_filters: 0
  use_delta_encoding: 1
  filter_policy: nullptr
  whole_key_filtering: 1
  verify_compression: 0
  read_amp_bytes_per_bit: 0
  format_version: 4
  enable_index_compression: 1
  block_align: 0
2020/11/30-19:30:10.063487 10b1e5e00        Options.write_buffer_size: 67108864
2020/11/30-19:30:10.063488 10b1e5e00  Options.max_write_buffer_number: 2
2020/11/30-19:30:10.063489 10b1e5e00          Options.compression: NoCompression
2020/11/30-19:30:10.063490 10b1e5e00                  Options.bottommost_compression: Disabled
2020/11/30-19:30:10.063491 10b1e5e00       Options.prefix_extractor: nullptr
2020/11/30-19:30:10.063492 10b1e5e00   Options.memtable_insert_with_hint_prefix_extractor: nullptr
2020/11/30-19:30:10.063493 10b1e5e00             Options.num_levels: 7
2020/11/30-19:30:10.063494 10b1e5e00        Options.min_write_buffer_number_to_merge: 1
2020/11/30-19:30:10.063495 10b1e5e00     Options.max_write_buffer_number_to_maintain: 0
2020/11/30-19:30:10.063496 10b1e5e00     Options.max_write_buffer_size_to_maintain: 0
2020/11/30-19:30:10.063497 10b1e5e00            Options.bottommost_compression_opts.window_bits: -14
2020/11/30-19:30:10.063498 10b1e5e00                  Options.bottommost_compression_opts.level: 32767
2020/11/30-19:30:10.063500 10b1e5e00               Options.bottommost_compression_opts.strategy: 0
2020/11/30-19:30:10.063500 10b1e5e00         Options.bottommost_compression_opts.max_dict_bytes: 0
2020/11/30-19:30:10.063501 10b1e5e00         Options.bottommost_compression_opts.zstd_max_train_bytes: 0
2020/11/30-19:30:10.063503 10b1e5e00         Options.bottommost_compression_opts.parallel_threads: 1
2020/11/30-19:30:10.063504 10b1e5e00                  Options.bottommost_compression_opts.enabled: false
2020/11/30-19:30:10.063505 10b1e5e00            Options.compression_opts.window_bits: -14
2020/11/30-19:30:10.063506 10b1e5e00                  Options.compression_opts.level: 32767
2020/11/30-19:30:10.063507 10b1e5e00               Options.compression_opts.strategy: 0
2020/11/30-19:30:10.063508 10b1e5e00         Options.compression_opts.max_dict_bytes: 0
2020/11/30-19:30:10.063509 10b1e5e00         Options.compression_opts.zstd_max_train_bytes: 0
2020/11/30-19:30:10.063510 10b1e5e00         Options.compression_opts.parallel_threads: 1
2020/11/30-19:30:10.063511 10b1e5e00                  Options.compression_opts.enabled: false
2020/11/30-19:30:10.063512 10b1e5e00      Options.level0_file_num_compaction_trigger: 4
2020/11/30-19:30:10.063512 10b1e5e00          Options.level0_slowdown_writes_trigger: 20
2020/11/30-19:30:10.063532 10b1e5e00              Options.level0_stop_writes_trigger: 36
2020/11/30-19:30:10.063533 10b1e5e00                   Options.target_file_size_base: 67108864
2020/11/30-19:30:10.063534 10b1e5e00             Options.target_file_size_multiplier: 1
2020/11/30-19:30:10.063535 10b1e5e00                Options.max_bytes_for_level_base: 268435456
2020/11/30-19:30:10.063536 10b1e5e00 Options.level_compaction_dynamic_level_bytes: 0
2020/11/30-19:30:10.063537 10b1e5e00          Options.max_bytes_for_level_multiplier: 10.000000
2020/11/30-19:30:10.063539 10b1e5e00 Options.max_bytes_for_level_multiplier_addtl[0]: 1
2020/11/30-19:30:10.063540 10b1e5e00 Options.max_bytes_for_level_multiplier_addtl[1]: 1
2020/11/30-19:30:10.063541 10b1e5e00 Options.max_bytes_for_level_multiplier_addtl[2]: 1
2020/11/30-19:30:10.063542 10b1e5e00 Options.max_bytes_for_level_multiplier_addtl[3]: 1
2020/11/30-19:30:10.063543 10b1e5e00 Options.max_bytes_for_level_multiplier_addtl[4]: 1
2020/11/30-19:30:10.063544 10b1e5e00 Options.max_bytes_for_level_multiplier_addtl[5]: 1
2020/11/30-19:30:10.063545 10b1e5e00 Options.max_bytes_for_level_multiplier_addtl[6]: 1
2020/11/30-19:30:10.063546 10b1e5e00       Options.max_sequential_skip_in_iterations: 8
2020/11/30-19:30:10.063547 10b1e5e00                    Options.max_compaction_bytes: 1677721600
2020/11/30-19:30:10.063548 10b1e5e00                        Options.arena_block_size: 8388608
2020/11/30-19:30:10.063549 10b1e5e00   Options.soft_pending_compaction_bytes_limit: 68719476736
2020/11/30-19:30:10.063550 10b1e5e00   Options.hard_pending_compaction_bytes_limit: 274877906944
2020/11/30-19:30:10.063551 10b1e5e00       Options.rate_limit_delay_max_milliseconds: 100
2020/11/30-19:30:10.063552 10b1e5e00                Options.disable_auto_compactions: 0
2020/11/30-19:30:10.063553 10b1e5e00                        Options.compaction_style: kCompactionStyleLevel
2020/11/30-19:30:10.063554 10b1e5e00                          Options.compaction_pri: kMinOverlappingRatio
2020/11/30-19:30:10.063555 10b1e5e00 Options.compaction_options_universal.size_ratio: 1
2020/11/30-19:30:10.063556 10b1e5e00 Options.compaction_options_universal.min_merge_width: 2
2020/11/30-19:30:10.063557 10b1e5e00 Options.compaction_options_universal.max_merge_width: 4294967295
2020/11/30-19:30:10.063558 10b1e5e00 Options.compaction_options_universal.max_size_amplification_percent: 200
2020/11/30-19:30:10.063560 10b1e5e00 Options.compaction_options_universal.compression_size_percent: -1
2020/11/30-19:30:10.063561 10b1e5e00 Options.compaction_options_universal.stop_style: kCompactionStopStyleTotalSize
2020/11/30-19:30:10.063562 10b1e5e00 Options.compaction_options_fifo.max_table_files_size: 1073741824
2020/11/30-19:30:10.063563 10b1e5e00 Options.compaction_options_fifo.allow_compaction: 0
2020/11/30-19:30:10.063570 10b1e5e00                   Options.table_properties_collectors: 
2020/11/30-19:30:10.063571 10b1e5e00                   Options.inplace_update_support: 0
2020/11/30-19:30:10.063572 10b1e5e00                 Options.inplace_update_num_locks: 10000
2020/11/30-19:30:10.063573 10b1e5e00               Options.memtable_prefix_bloom_size_ratio: 0.000000
2020/11/30-19:30:10.063575 10b1e5e00               Options.memtable_whole_key_filtering: 0
2020/11/30-19:30:10.063576 10b1e5e00   Options.memtable_huge_page_size: 0
2020/11/30-19:30:10.063577 10b1e5e00                           Options.bloom_locality: 0
2020/11/30-19:30:10.063578 10b1e5e00                    Options.max_successive_merges: 0
2020/11/30-19:30:10.063579 10b1e5e00                Options.optimize_filters_for_hits: 0
2020/11/30-19:30:10.063580 10b1e5e00                Options.paranoid_file_checks: 0
2020/11/30-19:30:10.063580 10b1e5e00                Options.force_consistency_checks: 0
2020/11/30-19:30:10.063581 10b1e5e00                Options.report_bg_io_stats: 0
2020/11/30-19:30:10.063582 10b1e5e00                               Options.ttl: 2592000
2020/11/30-19:30:10.063583 10b1e5e00          Options.periodic_compaction_seconds: 0
2020/11/30-19:30:10.064020 10b1e5e00 [db/column_family.cc:579] --------------- Options for column family [message_id_to_message]:
2020/11/30-19:30:10.064024 10b1e5e00               Options.comparator: leveldb.BytewiseComparator
2020/11/30-19:30:10.064026 10b1e5e00           Options.merge_operator: None
2020/11/30-19:30:10.064027 10b1e5e00        Options.compaction_filter: None
2020/11/30-19:30:10.064028 10b1e5e00        Options.compaction_filter_factory: None
2020/11/30-19:30:10.064029 10b1e5e00         Options.memtable_factory: SkipListFactory
2020/11/30-19:30:10.064030 10b1e5e00            Options.table_factory: BlockBasedTable
2020/11/30-19:30:10.064047 10b1e5e00            table_factory options:   flush_block_policy_factory: FlushBlockBySizePolicyFactory (0x7fb5d7613be0)
  cache_index_and_filter_blocks: 0
  cache_index_and_filter_blocks_with_high_priority: 1
  pin_l0_filter_and_index_blocks_in_cache: 0
  pin_top_level_index_and_filter: 1
  index_type: 0
  data_block_index_type: 0
  index_shortening: 1
  data_block_hash_table_util_ratio: 0.750000
  hash_index_allow_collision: 1
  checksum: 1
  no_block_cache: 0
  block_cache: 0x7fb5d7613c28
  block_cache_name: LRUCache
  block_cache_options:
    capacity : 8388608
    num_shard_bits : 4
    strict_capacity_limit : 0
    memory_allocator : None
    high_pri_pool_ratio: 0.000
  block_cache_compressed: 0x0
  persistent_cache: 0x0
  block_size: 4096
  block_size_deviation: 10
  block_restart_interval: 16
  index_block_restart_interval: 1
  metadata_block_size: 4096
  partition_filters: 0
  use_delta_encoding: 1
  filter_policy: nullptr
  whole_key_filtering: 1
  verify_compression: 0
  read_amp_bytes_per_bit: 0
  format_version: 4
  enable_index_compression: 1
  block_align: 0
2020/11/30-19:30:10.064051 10b1e5e00        Options.write_buffer_size: 67108864
2020/11/30-19:30:10.064052 10b1e5e00  Options.max_write_buffer_number: 2
2020/11/30-19:30:10.064053 10b1e5e00          Options.compression: NoCompression
2020/11/30-19:30:10.064054 10b1e5e00                  Options.bottommost_compression: Disabled
2020/11/30-19:30:10.064055 10b1e5e00       Options.prefix_extractor: nullptr
2020/11/30-19:30:10.064056 10b1e5e00   Options.memtable_insert_with_hint_prefix_extractor: nullptr
2020/11/30-19:30:10.064057 10b1e5e00             Options.num_levels: 7
2020/11/30-19:30:10.064058 10b1e5e00        Options.min_write_buffer_number_to_merge: 1
2020/11/30-19:30:10.064059 10b1e5e00     Options.max_write_buffer_number_to_maintain: 0
2020/11/30-19:30:10.064060 10b1e5e00     Options.max_write_buffer_size_to_maintain: 0
2020/11/30-19:30:10.064061 10b1e5e00            Options.bottommost_compression_opts.window_bits: -14
2020/11/30-19:30:10.064062 10b1e5e00                  Options.bottommost_compression_opts.level: 32767
2020/11/30-19:30:10.064063 10b1e5e00               Options.bottommost_compression_opts.strategy: 0
2020/11/30-19:30:10.064064 10b1e5e00         Options.bottommost_compression_opts.max_dict_bytes: 0
2020/11/30-19:30:10.064065 10b1e5e00         Options.bottommost_compression_opts.zstd_max_train_bytes: 0
2020/11/30-19:30:10.064066 10b1e5e00         Options.bottommost_compression_opts.parallel_threads: 1
2020/11/30-19:30:10.064067 10b1e5e00                  Options.bottommost_compression_opts.enabled: false
2020/11/30-19:30:10.064068 10b1e5e00            Options.compression_opts.window_bits: -14
2020/11/30-19:30:10.064069 10b1e5e00                  Options.compression_opts.level: 32767
2020/11/30-19:30:10.064070 10b1e5e00               Options.compression_opts.strategy: 0
2020/11/30-19:30:10.064071 10b1e5e00         Options.compression_opts.max_dict_bytes: 0
2020/11/30-19:30:10.064072 10b1e5e00         Options.compression_opts.zstd_max_train_bytes: 0
2020/11/30-19:30:10.064073 10b1e5e00         Options.compression_opts.parallel_threads: 1
2020/11/30-19:30:10.064074 10b1e5e00                  Options.compression_opts.enabled: false
2020/11/30-19:30:10.064075 10b1e5e00      Options.level0_file_num_compaction_trigger: 4
2020/11/30-19:30:10.064076 10b1e5e00          Options.level0_slowdown_writes_trigger: 20
2020/11/30-19:30:10.064102 10b1e5e00              Options.level0_stop_writes_trigger: 36
2020/11/30-19:30:10.064104 10b1e5e00                   Options.target_file_size_base: 67108864
2020/11/30-19:30:10.064105 10b1e5e00             Options.target_file_size_multiplier: 1
2020/11/30-19:30:10.064106 10b1e5e00                Options.max_bytes_for_level_base: 268435456
2020/11/30-19:30:10.064107 10b1e5e00 Options.level_compaction_dynamic_level_bytes: 0
2020/11/30-19:30:10.064108 10b1e5e00          Options.max_bytes_for_level_multiplier: 10.000000
2020/11/30-19:30:10.064109 10b1e5e00 Options.max_bytes_for_level_multiplier_addtl[0]: 1
2020/11/30-19:30:10.064110 10b1e5e00 Options.max_bytes_for_level_multiplier_addtl[1]: 1
2020/11/30-19:30:10.064111 10b1e5e00 Options.max_bytes_for_level_multiplier_addtl[2]: 1
2020/11/30-19:30:10.064112 10b1e5e00 Options.max_bytes_for_level_multiplier_addtl[3]: 1
2020/11/30-19:30:10.064113 10b1e5e00 Options.max_bytes_for_level_multiplier_addtl[4]: 1
2020/11/30-19:30:10.064114 10b1e5e00 Options.max_bytes_for_level_multiplier_addtl[5]: 1
2020/11/30-19:30:10.064115 10b1e5e00 Options.max_bytes_for_level_multiplier_addtl[6]: 1
2020/11/30-19:30:10.064116 10b1e5e00       Options.max_sequential_skip_in_iterations: 8
2020/11/30-19:30:10.064117 10b1e5e00                    Options.max_compaction_bytes: 1677721600
2020/11/30-19:30:10.064118 10b1e5e00                        Options.arena_block_size: 8388608
2020/11/30-19:30:10.064119 10b1e5e00   Options.soft_pending_compaction_bytes_limit: 68719476736
2020/11/30-19:30:10.064120 10b1e5e00   Options.hard_pending_compaction_bytes_limit: 274877906944
2020/11/30-19:30:10.064121 10b1e5e00       Options.rate_limit_delay_max_milliseconds: 100
2020/11/30-19:30:10.064122 10b1e5e00                Options.disable_auto_compactions: 0
2020/11/30-19:30:10.064123 10b1e5e00                        Options.compaction_style: kCompactionStyleLevel
2020/11/30-19:30:10.064124 10b1e5e00                          Options.compaction_pri: kMinOverlappingRatio
2020/11/30-19:30:10.064125 10b1e5e00 Options.compaction_options_universal.size_ratio: 1
2020/11/30-19:30:10.064126 10b1e5e00 Options.compaction_options_universal.min_merge_width: 2
2020/11/30-19:30:10.064127 10b1e5e00 Options.compaction_options_universal.max_merge_width: 4294967295
2020/11/30-19:30:10.064128 10b1e5e00 Options.compaction_options_universal.max_size_amplification_percent: 200
2020/11/30-19:30:10.064129 10b1e5e00 Options.compaction_options_universal.compression_size_percent: -1
2020/11/30-19:30:10.064131 10b1e5e00 Options.compaction_options_universal.stop_style: kCompactionStopStyleTotalSize
2020/11/30-19:30:10.064132 10b1e5e00 Options.compaction_options_fifo.max_table_files_size: 1073741824
2020/11/30-19:30:10.064133 10b1e5e00 Options.compaction_options_fifo.allow_compaction: 0
2020/11/30-19:30:10.064134 10b1e5e00                   Options.table_properties_collectors: 
2020/11/30-19:30:10.064135 10b1e5e00                   Options.inplace_update_support: 0
2020/11/30-19:30:10.064136 10b1e5e00                 Options.inplace_update_num_locks: 10000
2020/11/30-19:30:10.064137 10b1e5e00               Options.memtable_prefix_bloom_size_ratio: 0.000000
2020/11/30-19:30:10.064158 10b1e5e00               Options.memtable_whole_key_filtering: 0
2020/11/30-19:30:10.064159 10b1e5e00   Options.memtable_huge_page_size: 0
2020/11/30-19:30:10.064160 10b1e5e00                           Options.bloom_locality: 0
2020/11/30-19:30:10.064161 10b1e5e00                    Options.max_successive_merges: 0
2020/11/30-19:30:10.064162 10b1e5e00                Options.optimize_filters_for_hits: 0
2020/11/30-19:30:10.064163 10b1e5e00                Options.paranoid_file_checks: 0
2020/11/30-19:30:10.064164 10b1e5e00                Options.force_consistency_checks: 0
2020/11/30-19:30:10.064165 10b1e5e00                Options.report_bg_io_stats: 0
2020/11/30-19:30:10.064166 10b1e5e00                               Options.ttl: 2592000
2020/11/30-19:30:10.064167 10b1e5e00          Options.periodic_compaction_seconds: 0
2020/11/30-19:30:10.064222 10b1e5e00 [db/column_family.cc:579] --------------- Options for column family [message_id_to_message_id]:
2020/11/30-19:30:10.064224 10b1e5e00               Options.comparator: leveldb.BytewiseComparator
2020/11/30-19:30:10.064226 10b1e5e00           Options.merge_operator: None
2020/11/30-19:30:10.064226 10b1e5e00        Options.compaction_filter: None
2020/11/30-19:30:10.064227 10b1e5e00        Options.compaction_filter_factory: None
2020/11/30-19:30:10.064228 10b1e5e00         Options.memtable_factory: SkipListFactory
2020/11/30-19:30:10.064229 10b1e5e00            Options.table_factory: BlockBasedTable
2020/11/30-19:30:10.064245 10b1e5e00            table_factory options:   flush_block_policy_factory: FlushBlockBySizePolicyFactory (0x7fb5d7615310)
  cache_index_and_filter_blocks: 0
  cache_index_and_filter_blocks_with_high_priority: 1
  pin_l0_filter_and_index_blocks_in_cache: 0
  pin_top_level_index_and_filter: 1
  index_type: 0
  data_block_index_type: 0
  index_shortening: 1
  data_block_hash_table_util_ratio: 0.750000
  hash_index_allow_collision: 1
  checksum: 1
  no_block_cache: 0
  block_cache: 0x7fb5d7615358
  block_cache_name: LRUCache
  block_cache_options:
    capacity : 8388608
    num_shard_bits : 4
    strict_capacity_limit : 0
    memory_allocator : None
    high_pri_pool_ratio: 0.000
  block_cache_compressed: 0x0
  persistent_cache: 0x0
  block_size: 4096
  block_size_deviation: 10
  block_restart_interval: 16
  index_block_restart_interval: 1
  metadata_block_size: 4096
  partition_filters: 0
  use_delta_encoding: 1
  filter_policy: nullptr
  whole_key_filtering: 1
  verify_compression: 0
  read_amp_bytes_per_bit: 0
  format_version: 4
  enable_index_compression: 1
  block_align: 0
2020/11/30-19:30:10.064246 10b1e5e00        Options.write_buffer_size: 67108864
2020/11/30-19:30:10.064247 10b1e5e00  Options.max_write_buffer_number: 2
2020/11/30-19:30:10.064248 10b1e5e00          Options.compression: NoCompression
2020/11/30-19:30:10.064249 10b1e5e00                  Options.bottommost_compression: Disabled
2020/11/30-19:30:10.064250 10b1e5e00       Options.prefix_extractor: rocksdb.FixedPrefix.32
2020/11/30-19:30:10.064251 10b1e5e00   Options.memtable_insert_with_hint_prefix_extractor: nullptr
2020/11/30-19:30:10.064252 10b1e5e00             Options.num_levels: 7
2020/11/30-19:30:10.064253 10b1e5e00        Options.min_write_buffer_number_to_merge: 1
2020/11/30-19:30:10.064254 10b1e5e00     Options.max_write_buffer_number_to_maintain: 0
2020/11/30-19:30:10.064255 10b1e5e00     Options.max_write_buffer_size_to_maintain: 0
2020/11/30-19:30:10.064256 10b1e5e00            Options.bottommost_compression_opts.window_bits: -14
2020/11/30-19:30:10.064257 10b1e5e00                  Options.bottommost_compression_opts.level: 32767
2020/11/30-19:30:10.064258 10b1e5e00               Options.bottommost_compression_opts.strategy: 0
2020/11/30-19:30:10.064259 10b1e5e00         Options.bottommost_compression_opts.max_dict_bytes: 0
2020/11/30-19:30:10.064260 10b1e5e00         Options.bottommost_compression_opts.zstd_max_train_bytes: 0
2020/11/30-19:30:10.064261 10b1e5e00         Options.bottommost_compression_opts.parallel_threads: 1
2020/11/30-19:30:10.064262 10b1e5e00                  Options.bottommost_compression_opts.enabled: false
2020/11/30-19:30:10.064263 10b1e5e00            Options.compression_opts.window_bits: -14
2020/11/30-19:30:10.064264 10b1e5e00                  Options.compression_opts.level: 32767
2020/11/30-19:30:10.064265 10b1e5e00               Options.compression_opts.strategy: 0
2020/11/30-19:30:10.064266 10b1e5e00         Options.compression_opts.max_dict_bytes: 0
2020/11/30-19:30:10.064267 10b1e5e00         Options.compression_opts.zstd_max_train_bytes: 0
2020/11/30-19:30:10.064268 10b1e5e00         Options.compression_opts.parallel_threads: 1
2020/11/30-19:30:10.064269 10b1e5e00                  Options.compression_opts.enabled: false
2020/11/30-19:30:10.064269 10b1e5e00      Options.level0_file_num_compaction_trigger: 4
2020/11/30-19:30:10.064270 10b1e5e00          Options.level0_slowdown_writes_trigger: 20
2020/11/30-19:30:10.064287 10b1e5e00              Options.level0_stop_writes_trigger: 36
2020/11/30-19:30:10.064288 10b1e5e00                   Options.target_file_size_base: 67108864
2020/11/30-19:30:10.064289 10b1e5e00             Options.target_file_size_multiplier: 1
2020/11/30-19:30:10.064290 10b1e5e00                Options.max_bytes_for_level_base: 268435456
2020/11/30-19:30:10.064291 10b1e5e00 Options.level_compaction_dynamic_level_bytes: 0
2020/11/30-19:30:10.064292 10b1e5e00          Options.max_bytes_for_level_multiplier: 10.000000
2020/11/30-19:30:10.064293 10b1e5e00 Options.max_bytes_for_level_multiplier_addtl[0]: 1
2020/11/30-19:30:10.064294 10b1e5e00 Options.max_bytes_for_level_multiplier_addtl[1]: 1
2020/11/30-19:30:10.064295 10b1e5e00 Options.max_bytes_for_level_multiplier_addtl[2]: 1
2020/11/30-19:30:10.064296 10b1e5e00 Options.max_bytes_for_level_multiplier_addtl[3]: 1
2020/11/30-19:30:10.064297 10b1e5e00 Options.max_bytes_for_level_multiplier_addtl[4]: 1
2020/11/30-19:30:10.064298 10b1e5e00 Options.max_bytes_for_level_multiplier_addtl[5]: 1
2020/11/30-19:30:10.064299 10b1e5e00 Options.max_bytes_for_level_multiplier_addtl[6]: 1
2020/11/30-19:30:10.064300 10b1e5e00       Options.max_sequential_skip_in_iterations: 8
2020/11/30-19:30:10.064301 10b1e5e00                    Options.max_compaction_bytes: 1677721600
2020/11/30-19:30:10.064302 10b1e5e00                        Options.arena_block_size: 8388608
2020/11/30-19:30:10.064303 10b1e5e00   Options.soft_pending_compaction_bytes_limit: 68719476736
2020/11/30-19:30:10.064304 10b1e5e00   Options.hard_pending_compaction_bytes_limit: 274877906944
2020/11/30-19:30:10.064305 10b1e5e00       Options.rate_limit_delay_max_milliseconds: 100
2020/11/30-19:30:10.064306 10b1e5e00                Options.disable_auto_compactions: 0
2020/11/30-19:30:10.064307 10b1e5e00                        Options.compaction_style: kCompactionStyleLevel
2020/11/30-19:30:10.064308 10b1e5e00                          Options.compaction_pri: kMinOverlappingRatio
2020/11/30-19:30:10.064309 10b1e5e00 Options.compaction_options_universal.size_ratio: 1
2020/11/30-19:30:10.064310 10b1e5e00 Options.compaction_options_universal.min_merge_width: 2
2020/11/30-19:30:10.064311 10b1e5e00 Options.compaction_options_universal.max_merge_width: 4294967295
2020/11/30-19:30:10.064312 10b1e5e00 Options.compaction_options_universal.max_size_amplification_percent: 200
2020/11/30-19:30:10.064313 10b1e5e00 Options.compaction_options_universal.compression_size_percent: -1
2020/11/30-19:30:10.064314 10b1e5e00 Options.compaction_options_universal.stop_style: kCompactionStopStyleTotalSize
2020/11/30-19:30:10.064315 10b1e5e00 Options.compaction_options_fifo.max_table_files_size: 1073741824
2020/11/30-19:30:10.064316 10b1e5e00 Options.compaction_options_fifo.allow_compaction: 0
2020/11/30-19:30:10.064317 10b1e5e00                   Options.table_properties_collectors: 
2020/11/30-19:30:10.064318 10b1e5e00                   Options.inplace_update_support: 0
2020/11/30-19:30:10.064319 10b1e5e00                 Options.inplace_update_num_locks: 10000
2020/11/30-19:30:10.064320 10b1e5e00               Options.memtable_prefix_bloom_size_ratio: 0.000000
2020/11/30-19:30:10.064321 10b1e5e00               Options.memtable_whole_key_filtering: 0
2020/11/30-19:30:10.064322 10b1e5e00   Options.memtable_huge_page_size: 0
2020/11/30-19:30:10.064323 10b1e5e00                           Options.bloom_locality: 0
2020/11/30-19:30:10.064324 10b1e5e00                    Options.max_successive_merges: 0
2020/11/30-19:30:10.064325 10b1e5e00                Options.optimize_filters_for_hits: 0
2020/11/30-19:30:10.064326 10b1e5e00                Options.paranoid_file_checks: 0
2020/11/30-19:30:10.064327 10b1e5e00                Options.force_consistency_checks: 0
2020/11/30-19:30:10.064327 10b1e5e00                Options.report_bg_io_stats: 0
2020/11/30-19:30:10.064328 10b1e5e00                               Options.ttl: 2592000
2020/11/30-19:30:10.064329 10b1e5e00          Options.periodic_compaction_seconds: 0
2020/11/30-19:30:10.064375 10b1e5e00 [db/column_family.cc:579] --------------- Options for column family [index_to_message_id]:
2020/11/30-19:30:10.064378 10b1e5e00               Options.comparator: leveldb.BytewiseComparator
2020/11/30-19:30:10.064379 10b1e5e00           Options.merge_operator: None
2020/11/30-19:30:10.064380 10b1e5e00        Options.compaction_filter: None
2020/11/30-19:30:10.064380 10b1e5e00        Options.compaction_filter_factory: None
2020/11/30-19:30:10.064381 10b1e5e00         Options.memtable_factory: SkipListFactory
2020/11/30-19:30:10.064382 10b1e5e00            Options.table_factory: BlockBasedTable
2020/11/30-19:30:10.064397 10b1e5e00            table_factory options:   flush_block_policy_factory: FlushBlockBySizePolicyFactory (0x7fb5d7615f00)
  cache_index_and_filter_blocks: 0
  cache_index_and_filter_blocks_with_high_priority: 1
  pin_l0_filter_and_index_blocks_in_cache: 0
  pin_top_level_index_and_filter: 1
  index_type: 0
  data_block_index_type: 0
  index_shortening: 1
  data_block_hash_table_util_ratio: 0.750000
  hash_index_allow_collision: 1
  checksum: 1
  no_block_cache: 0
  block_cache: 0x7fb5d7615f48
  block_cache_name: LRUCache
  block_cache_options:
    capacity : 8388608
    num_shard_bits : 4
    strict_capacity_limit : 0
    memory_allocator : None
    high_pri_pool_ratio: 0.000
  block_cache_compressed: 0x0
  persistent_cache: 0x0
  block_size: 4096
  block_size_deviation: 10
  block_restart_interval: 16
  index_block_restart_interval: 1
  metadata_block_size: 4096
  partition_filters: 0
  use_delta_encoding: 1
  filter_policy: nullptr
  whole_key_filtering: 1
  verify_compression: 0
  read_amp_bytes_per_bit: 0
  format_version: 4
  enable_index_compression: 1
  block_align: 0
2020/11/30-19:30:10.064398 10b1e5e00        Options.write_buffer_size: 67108864
2020/11/30-19:30:10.064399 10b1e5e00  Options.max_write_buffer_number: 2
2020/11/30-19:30:10.064400 10b1e5e00          Options.compression: NoCompression
2020/11/30-19:30:10.064401 10b1e5e00                  Options.bottommost_compression: Disabled
2020/11/30-19:30:10.064402 10b1e5e00       Options.prefix_extractor: rocksdb.FixedPrefix.32
2020/11/30-19:30:10.064403 10b1e5e00   Options.memtable_insert_with_hint_prefix_extractor: nullptr
2020/11/30-19:30:10.064404 10b1e5e00             Options.num_levels: 7
2020/11/30-19:30:10.064405 10b1e5e00        Options.min_write_buffer_number_to_merge: 1
2020/11/30-19:30:10.064406 10b1e5e00     Options.max_write_buffer_number_to_maintain: 0
2020/11/30-19:30:10.064407 10b1e5e00     Options.max_write_buffer_size_to_maintain: 0
2020/11/30-19:30:10.064408 10b1e5e00            Options.bottommost_compression_opts.window_bits: -14
2020/11/30-19:30:10.064409 10b1e5e00                  Options.bottommost_compression_opts.level: 32767
2020/11/30-19:30:10.064410 10b1e5e00               Options.bottommost_compression_opts.strategy: 0
2020/11/30-19:30:10.064411 10b1e5e00         Options.bottommost_compression_opts.max_dict_bytes: 0
2020/11/30-19:30:10.064412 10b1e5e00         Options.bottommost_compression_opts.zstd_max_train_bytes: 0
2020/11/30-19:30:10.064413 10b1e5e00         Options.bottommost_compression_opts.parallel_threads: 1
2020/11/30-19:30:10.064414 10b1e5e00                  Options.bottommost_compression_opts.enabled: false
2020/11/30-19:30:10.064415 10b1e5e00            Options.compression_opts.window_bits: -14
2020/11/30-19:30:10.064416 10b1e5e00                  Options.compression_opts.level: 32767
2020/11/30-19:30:10.064417 10b1e5e00               Options.compression_opts.strategy: 0
2020/11/30-19:30:10.064417 10b1e5e00         Options.compression_opts.max_dict_bytes: 0
2020/11/30-19:30:10.064418 10b1e5e00         Options.compression_opts.zstd_max_train_bytes: 0
2020/11/30-19:30:10.064419 10b1e5e00         Options.compression_opts.parallel_threads: 1
2020/11/30-19:30:10.064420 10b1e5e00                  Options.compression_opts.enabled: false
2020/11/30-19:30:10.064421 10b1e5e00      Options.level0_file_num_compaction_trigger: 4
2020/11/30-19:30:10.064437 10b1e5e00          Options.level0_slowdown_writes_trigger: 20
2020/11/30-19:30:10.064439 10b1e5e00              Options.level0_stop_writes_trigger: 36
2020/11/30-19:30:10.064439 10b1e5e00                   Options.target_file_size_base: 67108864
2020/11/30-19:30:10.064440 10b1e5e00             Options.target_file_size_multiplier: 1
2020/11/30-19:30:10.064441 10b1e5e00                Options.max_bytes_for_level_base: 268435456
2020/11/30-19:30:10.064442 10b1e5e00 Options.level_compaction_dynamic_level_bytes: 0
2020/11/30-19:30:10.064443 10b1e5e00          Options.max_bytes_for_level_multiplier: 10.000000
2020/11/30-19:30:10.064444 10b1e5e00 Options.max_bytes_for_level_multiplier_addtl[0]: 1
2020/11/30-19:30:10.064445 10b1e5e00 Options.max_bytes_for_level_multiplier_addtl[1]: 1
2020/11/30-19:30:10.064446 10b1e5e00 Options.max_bytes_for_level_multiplier_addtl[2]: 1
2020/11/30-19:30:10.064447 10b1e5e00 Options.max_bytes_for_level_multiplier_addtl[3]: 1
2020/11/30-19:30:10.064448 10b1e5e00 Options.max_bytes_for_level_multiplier_addtl[4]: 1
2020/11/30-19:30:10.064449 10b1e5e00 Options.max_bytes_for_level_multiplier_addtl[5]: 1
2020/11/30-19:30:10.064450 10b1e5e00 Options.max_bytes_for_level_multiplier_addtl[6]: 1
2020/11/30-19:30:10.064451 10b1e5e00       Options.max_sequential_skip_in_iterations: 8
2020/11/30-19:30:10.064452 10b1e5e00                    Options.max_compaction_bytes: 1677721600
2020/11/30-19:30:10.064453 10b1e5e00                        Options.arena_block_size: 8388608
2020/11/30-19:30:10.064454 10b1e5e00   Options.soft_pending_compaction_bytes_limit: 68719476736
2020/11/30-19:30:10.064455 10b1e5e00   Options.hard_pending_compaction_bytes_limit: 274877906944
2020/11/30-19:30:10.064456 10b1e5e00       Options.rate_limit_delay_max_milliseconds: 100
2020/11/30-19:30:10.064457 10b1e5e00                Options.disable_auto_compactions: 0
2020/11/30-19:30:10.064458 10b1e5e00                        Options.compaction_style: kCompactionStyleLevel
2020/11/30-19:30:10.064459 10b1e5e00                          Options.compaction_pri: kMinOverlappingRatio
2020/11/30-19:30:10.064460 10b1e5e00 Options.compaction_options_universal.size_ratio: 1
2020/11/30-19:30:10.064461 10b1e5e00 Options.compaction_options_universal.min_merge_width: 2
2020/11/30-19:30:10.064462 10b1e5e00 Options.compaction_options_universal.max_merge_width: 4294967295
2020/11/30-19:30:10.064463 10b1e5e00 Options.compaction_options_universal.max_size_amplification_percent: 200
2020/11/30-19:30:10.064464 10b1e5e00 Options.compaction_options_universal.compression_size_percent: -1
2020/11/30-19:30:10.064465 10b1e5e00 Options.compaction_options_universal.stop_style: kCompactionStopStyleTotalSize
2020/11/30-19:30:10.064466 10b1e5e00 Options.compaction_options_fifo.max_table_files_size: 1073741824
2020/11/30-19:30:10.064467 10b1e5e00 Options.compaction_options_fifo.allow_compaction: 0
2020/11/30-19:30:10.064468 10b1e5e00                   Options.table_properties_collectors: 
