2020/11/30-19:04:35.045458 10df12e00 RocksDB version: 6.11.4
2020/11/30-19:04:35.045512 10df12e00 Git sha rocksdb_build_git_sha:@48bfca38f6f175435052a59791922a1a453d9609@
2020/11/30-19:04:35.045515 10df12e00 Compile date Nov 30 2020
2020/11/30-19:04:35.045516 10df12e00 DB SUMMARY
2020/11/30-19:04:35.045867 10df12e00 CURRENT file:  CURRENT
2020/11/30-19:04:35.045869 10df12e00 IDENTITY file:  IDENTITY
2020/11/30-19:04:35.045878 10df12e00 MANIFEST file:  MANIFEST-000655 size: 825 Bytes
2020/11/30-19:04:35.045880 10df12e00 SST files in ./database/alphanet dir, Total Num: 0, files: 
2020/11/30-19:04:35.045881 10df12e00 Write Ahead Log file in ./database/alphanet: 000656.log size: 0 ; 
2020/11/30-19:04:35.045902 10df12e00                         Options.error_if_exists: 0
2020/11/30-19:04:35.045903 10df12e00                       Options.create_if_missing: 1
2020/11/30-19:04:35.045904 10df12e00                         Options.paranoid_checks: 1
2020/11/30-19:04:35.045905 10df12e00                                     Options.env: 0x10cc414b8
2020/11/30-19:04:35.045906 10df12e00                                      Options.fs: Posix File System
2020/11/30-19:04:35.045907 10df12e00                                Options.info_log: 0x7ff4dbd1aab0
2020/11/30-19:04:35.045908 10df12e00                Options.max_file_opening_threads: 16
2020/11/30-19:04:35.045909 10df12e00                              Options.statistics: 0x7ff4dbd198f8
2020/11/30-19:04:35.045910 10df12e00                               Options.use_fsync: 0
2020/11/30-19:04:35.045911 10df12e00                       Options.max_log_file_size: 0
2020/11/30-19:04:35.045912 10df12e00                  Options.max_manifest_file_size: 1073741824
2020/11/30-19:04:35.045913 10df12e00                   Options.log_file_time_to_roll: 0
2020/11/30-19:04:35.045914 10df12e00                       Options.keep_log_file_num: 1000
2020/11/30-19:04:35.045914 10df12e00                    Options.recycle_log_file_num: 0
2020/11/30-19:04:35.045915 10df12e00                         Options.allow_fallocate: 1
2020/11/30-19:04:35.045916 10df12e00                        Options.allow_mmap_reads: 0
2020/11/30-19:04:35.045917 10df12e00                       Options.allow_mmap_writes: 0
2020/11/30-19:04:35.045918 10df12e00                        Options.use_direct_reads: 0
2020/11/30-19:04:35.045919 10df12e00                        Options.use_direct_io_for_flush_and_compaction: 0
2020/11/30-19:04:35.045920 10df12e00          Options.create_missing_column_families: 1
2020/11/30-19:04:35.045921 10df12e00                              Options.db_log_dir: 
2020/11/30-19:04:35.045922 10df12e00                                 Options.wal_dir: ./database/alphanet
2020/11/30-19:04:35.045923 10df12e00                Options.table_cache_numshardbits: 6
2020/11/30-19:04:35.045924 10df12e00                      Options.max_subcompactions: 1
2020/11/30-19:04:35.045925 10df12e00                         Options.WAL_ttl_seconds: 0
2020/11/30-19:04:35.045925 10df12e00                       Options.WAL_size_limit_MB: 0
2020/11/30-19:04:35.045926 10df12e00                        Options.max_write_batch_group_size_bytes: 1048576
2020/11/30-19:04:35.045927 10df12e00             Options.manifest_preallocation_size: 4194304
2020/11/30-19:04:35.045928 10df12e00                     Options.is_fd_close_on_exec: 1
2020/11/30-19:04:35.045929 10df12e00                   Options.advise_random_on_open: 1
2020/11/30-19:04:35.045930 10df12e00                    Options.db_write_buffer_size: 0
2020/11/30-19:04:35.045931 10df12e00                    Options.write_buffer_manager: 0x7ff4dbd1aa20
2020/11/30-19:04:35.045932 10df12e00         Options.access_hint_on_compaction_start: 1
2020/11/30-19:04:35.045933 10df12e00  Options.new_table_reader_for_compaction_inputs: 0
2020/11/30-19:04:35.045934 10df12e00           Options.random_access_max_buffer_size: 1048576
2020/11/30-19:04:35.045935 10df12e00                      Options.use_adaptive_mutex: 0
2020/11/30-19:04:35.045936 10df12e00                            Options.rate_limiter: 0x0
2020/11/30-19:04:35.045937 10df12e00     Options.sst_file_manager.rate_bytes_per_sec: 0
2020/11/30-19:04:35.045960 10df12e00                       Options.wal_recovery_mode: 2
2020/11/30-19:04:35.045961 10df12e00                  Options.enable_thread_tracking: 0
2020/11/30-19:04:35.045962 10df12e00                  Options.enable_pipelined_write: 0
2020/11/30-19:04:35.045965 10df12e00                  Options.unordered_write: 0
2020/11/30-19:04:35.045966 10df12e00         Options.allow_concurrent_memtable_write: 1
2020/11/30-19:04:35.045967 10df12e00      Options.enable_write_thread_adaptive_yield: 1
2020/11/30-19:04:35.045968 10df12e00             Options.write_thread_max_yield_usec: 100
2020/11/30-19:04:35.045969 10df12e00            Options.write_thread_slow_yield_usec: 3
2020/11/30-19:04:35.045970 10df12e00                               Options.row_cache: None
2020/11/30-19:04:35.045971 10df12e00                              Options.wal_filter: None
2020/11/30-19:04:35.045972 10df12e00             Options.avoid_flush_during_recovery: 0
2020/11/30-19:04:35.045973 10df12e00             Options.allow_ingest_behind: 0
2020/11/30-19:04:35.045974 10df12e00             Options.preserve_deletes: 0
2020/11/30-19:04:35.045974 10df12e00             Options.two_write_queues: 0
2020/11/30-19:04:35.045975 10df12e00             Options.manual_wal_flush: 0
2020/11/30-19:04:35.045976 10df12e00             Options.atomic_flush: 1
2020/11/30-19:04:35.045977 10df12e00             Options.avoid_unnecessary_blocking_io: 0
2020/11/30-19:04:35.045978 10df12e00                 Options.persist_stats_to_disk: 0
2020/11/30-19:04:35.045979 10df12e00                 Options.write_dbid_to_manifest: 0
2020/11/30-19:04:35.045980 10df12e00                 Options.log_readahead_size: 0
2020/11/30-19:04:35.045981 10df12e00                 Options.file_checksum_gen_factory: Unknown
2020/11/30-19:04:35.045983 10df12e00                 Options.best_efforts_recovery: 0
2020/11/30-19:04:35.045984 10df12e00             Options.max_background_jobs: 12
2020/11/30-19:04:35.045985 10df12e00             Options.max_background_compactions: -1
2020/11/30-19:04:35.045986 10df12e00             Options.avoid_flush_during_shutdown: 0
2020/11/30-19:04:35.045987 10df12e00           Options.writable_file_max_buffer_size: 1048576
2020/11/30-19:04:35.045988 10df12e00             Options.delayed_write_rate : 16777216
2020/11/30-19:04:35.045989 10df12e00             Options.max_total_wal_size: 0
2020/11/30-19:04:35.045990 10df12e00             Options.delete_obsolete_files_period_micros: 21600000000
2020/11/30-19:04:35.045991 10df12e00                   Options.stats_dump_period_sec: 600
2020/11/30-19:04:35.045992 10df12e00                 Options.stats_persist_period_sec: 600
2020/11/30-19:04:35.045993 10df12e00                 Options.stats_history_buffer_size: 1048576
2020/11/30-19:04:35.045994 10df12e00                          Options.max_open_files: -1
2020/11/30-19:04:35.045995 10df12e00                          Options.bytes_per_sync: 0
2020/11/30-19:04:35.045996 10df12e00                      Options.wal_bytes_per_sync: 0
2020/11/30-19:04:35.045997 10df12e00                   Options.strict_bytes_per_sync: 0
2020/11/30-19:04:35.045997 10df12e00       Options.compaction_readahead_size: 0
2020/11/30-19:04:35.045998 10df12e00                  Options.max_background_flushes: -1
2020/11/30-19:04:35.045999 10df12e00 Compression algorithms supported:
2020/11/30-19:04:35.046000 10df12e00 	kZSTD supported: 0
2020/11/30-19:04:35.046001 10df12e00 	kZlibCompression supported: 0
2020/11/30-19:04:35.046003 10df12e00 	kXpressCompression supported: 0
2020/11/30-19:04:35.046004 10df12e00 	kSnappyCompression supported: 0
2020/11/30-19:04:35.046004 10df12e00 	kZSTDNotFinalCompression supported: 0
2020/11/30-19:04:35.046005 10df12e00 	kLZ4HCCompression supported: 0
2020/11/30-19:04:35.046006 10df12e00 	kLZ4Compression supported: 0
2020/11/30-19:04:35.046007 10df12e00 	kBZip2Compression supported: 0
2020/11/30-19:04:35.046011 10df12e00 Fast CRC32 supported: Supported on x86
2020/11/30-19:04:35.046154 10df12e00 [db/version_set.cc:4555] Recovering from manifest file: ./database/alphanet/MANIFEST-000655
2020/11/30-19:04:35.046227 10df12e00 [db/column_family.cc:579] --------------- Options for column family [default]:
2020/11/30-19:04:35.046230 10df12e00               Options.comparator: leveldb.BytewiseComparator
2020/11/30-19:04:35.046231 10df12e00           Options.merge_operator: None
2020/11/30-19:04:35.046232 10df12e00        Options.compaction_filter: None
2020/11/30-19:04:35.046233 10df12e00        Options.compaction_filter_factory: None
2020/11/30-19:04:35.046234 10df12e00         Options.memtable_factory: SkipListFactory
2020/11/30-19:04:35.046235 10df12e00            Options.table_factory: BlockBasedTable
2020/11/30-19:04:35.046251 10df12e00            table_factory options:   flush_block_policy_factory: FlushBlockBySizePolicyFactory (0x7ff4dbd19140)
  cache_index_and_filter_blocks: 0
  cache_index_and_filter_blocks_with_high_priority: 1
  pin_l0_filter_and_index_blocks_in_cache: 0
  pin_top_level_index_and_filter: 1
  index_type: 0
  data_block_index_type: 0
  index_shortening: 1
  data_block_hash_table_util_ratio: 0.750000
  hash_index_allow_collision: 1
  checksum: 1
  no_block_cache: 0
  block_cache: 0x7ff4dbd19188
  block_cache_name: LRUCache
  block_cache_options:
    capacity : 8388608
    num_shard_bits : 4
    strict_capacity_limit : 0
    memory_allocator : None
    high_pri_pool_ratio: 0.000
  block_cache_compressed: 0x0
  persistent_cache: 0x0
  block_size: 4096
  block_size_deviation: 10
  block_restart_interval: 16
  index_block_restart_interval: 1
  metadata_block_size: 4096
  partition_filters: 0
  use_delta_encoding: 1
  filter_policy: nullptr
  whole_key_filtering: 1
  verify_compression: 0
  read_amp_bytes_per_bit: 0
  format_version: 4
  enable_index_compression: 1
  block_align: 0
2020/11/30-19:04:35.046255 10df12e00        Options.write_buffer_size: 67108864
2020/11/30-19:04:35.046256 10df12e00  Options.max_write_buffer_number: 2
2020/11/30-19:04:35.046257 10df12e00          Options.compression: NoCompression
2020/11/30-19:04:35.046258 10df12e00                  Options.bottommost_compression: Disabled
2020/11/30-19:04:35.046259 10df12e00       Options.prefix_extractor: nullptr
2020/11/30-19:04:35.046260 10df12e00   Options.memtable_insert_with_hint_prefix_extractor: nullptr
2020/11/30-19:04:35.046261 10df12e00             Options.num_levels: 7
2020/11/30-19:04:35.046261 10df12e00        Options.min_write_buffer_number_to_merge: 1
2020/11/30-19:04:35.046262 10df12e00     Options.max_write_buffer_number_to_maintain: 0
2020/11/30-19:04:35.046263 10df12e00     Options.max_write_buffer_size_to_maintain: 0
2020/11/30-19:04:35.046264 10df12e00            Options.bottommost_compression_opts.window_bits: -14
2020/11/30-19:04:35.046265 10df12e00                  Options.bottommost_compression_opts.level: 32767
2020/11/30-19:04:35.046266 10df12e00               Options.bottommost_compression_opts.strategy: 0
2020/11/30-19:04:35.046267 10df12e00         Options.bottommost_compression_opts.max_dict_bytes: 0
2020/11/30-19:04:35.046268 10df12e00         Options.bottommost_compression_opts.zstd_max_train_bytes: 0
2020/11/30-19:04:35.046269 10df12e00         Options.bottommost_compression_opts.parallel_threads: 1
2020/11/30-19:04:35.046270 10df12e00                  Options.bottommost_compression_opts.enabled: false
2020/11/30-19:04:35.046271 10df12e00            Options.compression_opts.window_bits: -14
2020/11/30-19:04:35.046272 10df12e00                  Options.compression_opts.level: 32767
2020/11/30-19:04:35.046273 10df12e00               Options.compression_opts.strategy: 0
2020/11/30-19:04:35.046274 10df12e00         Options.compression_opts.max_dict_bytes: 0
2020/11/30-19:04:35.046275 10df12e00         Options.compression_opts.zstd_max_train_bytes: 0
2020/11/30-19:04:35.046276 10df12e00         Options.compression_opts.parallel_threads: 1
2020/11/30-19:04:35.046276 10df12e00                  Options.compression_opts.enabled: false
2020/11/30-19:04:35.046277 10df12e00      Options.level0_file_num_compaction_trigger: 4
2020/11/30-19:04:35.046278 10df12e00          Options.level0_slowdown_writes_trigger: 20
2020/11/30-19:04:35.046296 10df12e00              Options.level0_stop_writes_trigger: 36
2020/11/30-19:04:35.046298 10df12e00                   Options.target_file_size_base: 67108864
2020/11/30-19:04:35.046298 10df12e00             Options.target_file_size_multiplier: 1
2020/11/30-19:04:35.046299 10df12e00                Options.max_bytes_for_level_base: 268435456
2020/11/30-19:04:35.046300 10df12e00 Options.level_compaction_dynamic_level_bytes: 0
2020/11/30-19:04:35.046301 10df12e00          Options.max_bytes_for_level_multiplier: 10.000000
2020/11/30-19:04:35.046303 10df12e00 Options.max_bytes_for_level_multiplier_addtl[0]: 1
2020/11/30-19:04:35.046304 10df12e00 Options.max_bytes_for_level_multiplier_addtl[1]: 1
2020/11/30-19:04:35.046305 10df12e00 Options.max_bytes_for_level_multiplier_addtl[2]: 1
2020/11/30-19:04:35.046306 10df12e00 Options.max_bytes_for_level_multiplier_addtl[3]: 1
2020/11/30-19:04:35.046307 10df12e00 Options.max_bytes_for_level_multiplier_addtl[4]: 1
2020/11/30-19:04:35.046307 10df12e00 Options.max_bytes_for_level_multiplier_addtl[5]: 1
2020/11/30-19:04:35.046308 10df12e00 Options.max_bytes_for_level_multiplier_addtl[6]: 1
2020/11/30-19:04:35.046309 10df12e00       Options.max_sequential_skip_in_iterations: 8
2020/11/30-19:04:35.046310 10df12e00                    Options.max_compaction_bytes: 1677721600
2020/11/30-19:04:35.046311 10df12e00                        Options.arena_block_size: 8388608
2020/11/30-19:04:35.046312 10df12e00   Options.soft_pending_compaction_bytes_limit: 68719476736
2020/11/30-19:04:35.046313 10df12e00   Options.hard_pending_compaction_bytes_limit: 274877906944
2020/11/30-19:04:35.046314 10df12e00       Options.rate_limit_delay_max_milliseconds: 100
2020/11/30-19:04:35.046315 10df12e00                Options.disable_auto_compactions: 0
2020/11/30-19:04:35.046316 10df12e00                        Options.compaction_style: kCompactionStyleLevel
2020/11/30-19:04:35.046317 10df12e00                          Options.compaction_pri: kMinOverlappingRatio
2020/11/30-19:04:35.046318 10df12e00 Options.compaction_options_universal.size_ratio: 1
2020/11/30-19:04:35.046319 10df12e00 Options.compaction_options_universal.min_merge_width: 2
2020/11/30-19:04:35.046320 10df12e00 Options.compaction_options_universal.max_merge_width: 4294967295
2020/11/30-19:04:35.046321 10df12e00 Options.compaction_options_universal.max_size_amplification_percent: 200
2020/11/30-19:04:35.046322 10df12e00 Options.compaction_options_universal.compression_size_percent: -1
2020/11/30-19:04:35.046323 10df12e00 Options.compaction_options_universal.stop_style: kCompactionStopStyleTotalSize
2020/11/30-19:04:35.046324 10df12e00 Options.compaction_options_fifo.max_table_files_size: 1073741824
2020/11/30-19:04:35.046325 10df12e00 Options.compaction_options_fifo.allow_compaction: 0
2020/11/30-19:04:35.046330 10df12e00                   Options.table_properties_collectors: 
2020/11/30-19:04:35.046331 10df12e00                   Options.inplace_update_support: 0
2020/11/30-19:04:35.046332 10df12e00                 Options.inplace_update_num_locks: 10000
2020/11/30-19:04:35.046333 10df12e00               Options.memtable_prefix_bloom_size_ratio: 0.000000
2020/11/30-19:04:35.046334 10df12e00               Options.memtable_whole_key_filtering: 0
2020/11/30-19:04:35.046335 10df12e00   Options.memtable_huge_page_size: 0
2020/11/30-19:04:35.046336 10df12e00                           Options.bloom_locality: 0
2020/11/30-19:04:35.046337 10df12e00                    Options.max_successive_merges: 0
2020/11/30-19:04:35.046338 10df12e00                Options.optimize_filters_for_hits: 0
2020/11/30-19:04:35.046338 10df12e00                Options.paranoid_file_checks: 0
2020/11/30-19:04:35.046339 10df12e00                Options.force_consistency_checks: 0
2020/11/30-19:04:35.046340 10df12e00                Options.report_bg_io_stats: 0
2020/11/30-19:04:35.046341 10df12e00                               Options.ttl: 2592000
2020/11/30-19:04:35.046342 10df12e00          Options.periodic_compaction_seconds: 0
2020/11/30-19:04:35.046441 10df12e00 [db/column_family.cc:579] --------------- Options for column family [message_id_to_message]:
2020/11/30-19:04:35.046444 10df12e00               Options.comparator: leveldb.BytewiseComparator
2020/11/30-19:04:35.046445 10df12e00           Options.merge_operator: None
2020/11/30-19:04:35.046446 10df12e00        Options.compaction_filter: None
2020/11/30-19:04:35.046446 10df12e00        Options.compaction_filter_factory: None
2020/11/30-19:04:35.046447 10df12e00         Options.memtable_factory: SkipListFactory
2020/11/30-19:04:35.046448 10df12e00            Options.table_factory: BlockBasedTable
2020/11/30-19:04:35.046462 10df12e00            table_factory options:   flush_block_policy_factory: FlushBlockBySizePolicyFactory (0x7ff4dbd13340)
  cache_index_and_filter_blocks: 0
  cache_index_and_filter_blocks_with_high_priority: 1
  pin_l0_filter_and_index_blocks_in_cache: 0
  pin_top_level_index_and_filter: 1
  index_type: 0
  data_block_index_type: 0
  index_shortening: 1
  data_block_hash_table_util_ratio: 0.750000
  hash_index_allow_collision: 1
  checksum: 1
  no_block_cache: 0
  block_cache: 0x7ff4dbd13388
  block_cache_name: LRUCache
  block_cache_options:
    capacity : 8388608
    num_shard_bits : 4
    strict_capacity_limit : 0
    memory_allocator : None
    high_pri_pool_ratio: 0.000
  block_cache_compressed: 0x0
  persistent_cache: 0x0
  block_size: 4096
  block_size_deviation: 10
  block_restart_interval: 16
  index_block_restart_interval: 1
  metadata_block_size: 4096
  partition_filters: 0
  use_delta_encoding: 1
  filter_policy: nullptr
  whole_key_filtering: 1
  verify_compression: 0
  read_amp_bytes_per_bit: 0
  format_version: 4
  enable_index_compression: 1
  block_align: 0
2020/11/30-19:04:35.046464 10df12e00        Options.write_buffer_size: 67108864
2020/11/30-19:04:35.046465 10df12e00  Options.max_write_buffer_number: 2
2020/11/30-19:04:35.046466 10df12e00          Options.compression: NoCompression
2020/11/30-19:04:35.046466 10df12e00                  Options.bottommost_compression: Disabled
2020/11/30-19:04:35.046467 10df12e00       Options.prefix_extractor: nullptr
2020/11/30-19:04:35.046468 10df12e00   Options.memtable_insert_with_hint_prefix_extractor: nullptr
2020/11/30-19:04:35.046469 10df12e00             Options.num_levels: 7
2020/11/30-19:04:35.046470 10df12e00        Options.min_write_buffer_number_to_merge: 1
2020/11/30-19:04:35.046471 10df12e00     Options.max_write_buffer_number_to_maintain: 0
2020/11/30-19:04:35.046472 10df12e00     Options.max_write_buffer_size_to_maintain: 0
2020/11/30-19:04:35.046473 10df12e00            Options.bottommost_compression_opts.window_bits: -14
2020/11/30-19:04:35.046474 10df12e00                  Options.bottommost_compression_opts.level: 32767
2020/11/30-19:04:35.046475 10df12e00               Options.bottommost_compression_opts.strategy: 0
2020/11/30-19:04:35.046476 10df12e00         Options.bottommost_compression_opts.max_dict_bytes: 0
2020/11/30-19:04:35.046477 10df12e00         Options.bottommost_compression_opts.zstd_max_train_bytes: 0
2020/11/30-19:04:35.046478 10df12e00         Options.bottommost_compression_opts.parallel_threads: 1
2020/11/30-19:04:35.046479 10df12e00                  Options.bottommost_compression_opts.enabled: false
2020/11/30-19:04:35.046480 10df12e00            Options.compression_opts.window_bits: -14
2020/11/30-19:04:35.046481 10df12e00                  Options.compression_opts.level: 32767
2020/11/30-19:04:35.046481 10df12e00               Options.compression_opts.strategy: 0
2020/11/30-19:04:35.046482 10df12e00         Options.compression_opts.max_dict_bytes: 0
2020/11/30-19:04:35.046483 10df12e00         Options.compression_opts.zstd_max_train_bytes: 0
2020/11/30-19:04:35.046484 10df12e00         Options.compression_opts.parallel_threads: 1
2020/11/30-19:04:35.046485 10df12e00                  Options.compression_opts.enabled: false
2020/11/30-19:04:35.046486 10df12e00      Options.level0_file_num_compaction_trigger: 4
2020/11/30-19:04:35.046487 10df12e00          Options.level0_slowdown_writes_trigger: 20
2020/11/30-19:04:35.046504 10df12e00              Options.level0_stop_writes_trigger: 36
2020/11/30-19:04:35.046506 10df12e00                   Options.target_file_size_base: 67108864
2020/11/30-19:04:35.046506 10df12e00             Options.target_file_size_multiplier: 1
2020/11/30-19:04:35.046507 10df12e00                Options.max_bytes_for_level_base: 268435456
2020/11/30-19:04:35.046508 10df12e00 Options.level_compaction_dynamic_level_bytes: 0
2020/11/30-19:04:35.046509 10df12e00          Options.max_bytes_for_level_multiplier: 10.000000
2020/11/30-19:04:35.046510 10df12e00 Options.max_bytes_for_level_multiplier_addtl[0]: 1
2020/11/30-19:04:35.046511 10df12e00 Options.max_bytes_for_level_multiplier_addtl[1]: 1
2020/11/30-19:04:35.046512 10df12e00 Options.max_bytes_for_level_multiplier_addtl[2]: 1
2020/11/30-19:04:35.046513 10df12e00 Options.max_bytes_for_level_multiplier_addtl[3]: 1
2020/11/30-19:04:35.046514 10df12e00 Options.max_bytes_for_level_multiplier_addtl[4]: 1
2020/11/30-19:04:35.046515 10df12e00 Options.max_bytes_for_level_multiplier_addtl[5]: 1
2020/11/30-19:04:35.046516 10df12e00 Options.max_bytes_for_level_multiplier_addtl[6]: 1
2020/11/30-19:04:35.046517 10df12e00       Options.max_sequential_skip_in_iterations: 8
2020/11/30-19:04:35.046518 10df12e00                    Options.max_compaction_bytes: 1677721600
2020/11/30-19:04:35.046519 10df12e00                        Options.arena_block_size: 8388608
2020/11/30-19:04:35.046520 10df12e00   Options.soft_pending_compaction_bytes_limit: 68719476736
2020/11/30-19:04:35.046521 10df12e00   Options.hard_pending_compaction_bytes_limit: 274877906944
2020/11/30-19:04:35.046522 10df12e00       Options.rate_limit_delay_max_milliseconds: 100
2020/11/30-19:04:35.046523 10df12e00                Options.disable_auto_compactions: 0
2020/11/30-19:04:35.046524 10df12e00                        Options.compaction_style: kCompactionStyleLevel
2020/11/30-19:04:35.046525 10df12e00                          Options.compaction_pri: kMinOverlappingRatio
2020/11/30-19:04:35.046526 10df12e00 Options.compaction_options_universal.size_ratio: 1
2020/11/30-19:04:35.046526 10df12e00 Options.compaction_options_universal.min_merge_width: 2
2020/11/30-19:04:35.046527 10df12e00 Options.compaction_options_universal.max_merge_width: 4294967295
2020/11/30-19:04:35.046528 10df12e00 Options.compaction_options_universal.max_size_amplification_percent: 200
2020/11/30-19:04:35.046529 10df12e00 Options.compaction_options_universal.compression_size_percent: -1
2020/11/30-19:04:35.046530 10df12e00 Options.compaction_options_universal.stop_style: kCompactionStopStyleTotalSize
2020/11/30-19:04:35.046531 10df12e00 Options.compaction_options_fifo.max_table_files_size: 1073741824
2020/11/30-19:04:35.046532 10df12e00 Options.compaction_options_fifo.allow_compaction: 0
2020/11/30-19:04:35.046533 10df12e00                   Options.table_properties_collectors: 
2020/11/30-19:04:35.046534 10df12e00                   Options.inplace_update_support: 0
2020/11/30-19:04:35.046535 10df12e00                 Options.inplace_update_num_locks: 10000
2020/11/30-19:04:35.046536 10df12e00               Options.memtable_prefix_bloom_size_ratio: 0.000000
2020/11/30-19:04:35.046537 10df12e00               Options.memtable_whole_key_filtering: 0
2020/11/30-19:04:35.046538 10df12e00   Options.memtable_huge_page_size: 0
2020/11/30-19:04:35.046539 10df12e00                           Options.bloom_locality: 0
2020/11/30-19:04:35.046540 10df12e00                    Options.max_successive_merges: 0
2020/11/30-19:04:35.046541 10df12e00                Options.optimize_filters_for_hits: 0
2020/11/30-19:04:35.046542 10df12e00                Options.paranoid_file_checks: 0
2020/11/30-19:04:35.046543 10df12e00                Options.force_consistency_checks: 0
2020/11/30-19:04:35.046544 10df12e00                Options.report_bg_io_stats: 0
2020/11/30-19:04:35.046544 10df12e00                               Options.ttl: 2592000
2020/11/30-19:04:35.046545 10df12e00          Options.periodic_compaction_seconds: 0
2020/11/30-19:04:35.046592 10df12e00 [db/column_family.cc:579] --------------- Options for column family [message_id_to_message_id]:
2020/11/30-19:04:35.046594 10df12e00               Options.comparator: leveldb.BytewiseComparator
2020/11/30-19:04:35.046595 10df12e00           Options.merge_operator: None
2020/11/30-19:04:35.046596 10df12e00        Options.compaction_filter: None
2020/11/30-19:04:35.046597 10df12e00        Options.compaction_filter_factory: None
2020/11/30-19:04:35.046598 10df12e00         Options.memtable_factory: SkipListFactory
2020/11/30-19:04:35.046599 10df12e00            Options.table_factory: BlockBasedTable
2020/11/30-19:04:35.046611 10df12e00            table_factory options:   flush_block_policy_factory: FlushBlockBySizePolicyFactory (0x7ff4dbd14a70)
  cache_index_and_filter_blocks: 0
  cache_index_and_filter_blocks_with_high_priority: 1
  pin_l0_filter_and_index_blocks_in_cache: 0
  pin_top_level_index_and_filter: 1
  index_type: 0
  data_block_index_type: 0
  index_shortening: 1
  data_block_hash_table_util_ratio: 0.750000
  hash_index_allow_collision: 1
  checksum: 1
  no_block_cache: 0
  block_cache: 0x7ff4dbd14ab8
  block_cache_name: LRUCache
  block_cache_options:
    capacity : 8388608
    num_shard_bits : 4
    strict_capacity_limit : 0
    memory_allocator : None
    high_pri_pool_ratio: 0.000
  block_cache_compressed: 0x0
  persistent_cache: 0x0
  block_size: 4096
  block_size_deviation: 10
  block_restart_interval: 16
  index_block_restart_interval: 1
  metadata_block_size: 4096
  partition_filters: 0
  use_delta_encoding: 1
  filter_policy: nullptr
  whole_key_filtering: 1
  verify_compression: 0
  read_amp_bytes_per_bit: 0
  format_version: 4
  enable_index_compression: 1
  block_align: 0
2020/11/30-19:04:35.046612 10df12e00        Options.write_buffer_size: 67108864
2020/11/30-19:04:35.046613 10df12e00  Options.max_write_buffer_number: 2
2020/11/30-19:04:35.046614 10df12e00          Options.compression: NoCompression
2020/11/30-19:04:35.046615 10df12e00                  Options.bottommost_compression: Disabled
2020/11/30-19:04:35.046616 10df12e00       Options.prefix_extractor: rocksdb.FixedPrefix.32
2020/11/30-19:04:35.046617 10df12e00   Options.memtable_insert_with_hint_prefix_extractor: nullptr
2020/11/30-19:04:35.046618 10df12e00             Options.num_levels: 7
2020/11/30-19:04:35.046619 10df12e00        Options.min_write_buffer_number_to_merge: 1
2020/11/30-19:04:35.046620 10df12e00     Options.max_write_buffer_number_to_maintain: 0
2020/11/30-19:04:35.046621 10df12e00     Options.max_write_buffer_size_to_maintain: 0
2020/11/30-19:04:35.046622 10df12e00            Options.bottommost_compression_opts.window_bits: -14
2020/11/30-19:04:35.046623 10df12e00                  Options.bottommost_compression_opts.level: 32767
2020/11/30-19:04:35.046624 10df12e00               Options.bottommost_compression_opts.strategy: 0
2020/11/30-19:04:35.046625 10df12e00         Options.bottommost_compression_opts.max_dict_bytes: 0
2020/11/30-19:04:35.046625 10df12e00         Options.bottommost_compression_opts.zstd_max_train_bytes: 0
2020/11/30-19:04:35.046626 10df12e00         Options.bottommost_compression_opts.parallel_threads: 1
2020/11/30-19:04:35.046627 10df12e00                  Options.bottommost_compression_opts.enabled: false
2020/11/30-19:04:35.046628 10df12e00            Options.compression_opts.window_bits: -14
2020/11/30-19:04:35.046629 10df12e00                  Options.compression_opts.level: 32767
2020/11/30-19:04:35.046630 10df12e00               Options.compression_opts.strategy: 0
2020/11/30-19:04:35.046631 10df12e00         Options.compression_opts.max_dict_bytes: 0
2020/11/30-19:04:35.046632 10df12e00         Options.compression_opts.zstd_max_train_bytes: 0
2020/11/30-19:04:35.046633 10df12e00         Options.compression_opts.parallel_threads: 1
2020/11/30-19:04:35.046634 10df12e00                  Options.compression_opts.enabled: false
2020/11/30-19:04:35.046635 10df12e00      Options.level0_file_num_compaction_trigger: 4
2020/11/30-19:04:35.046635 10df12e00          Options.level0_slowdown_writes_trigger: 20
2020/11/30-19:04:35.046651 10df12e00              Options.level0_stop_writes_trigger: 36
2020/11/30-19:04:35.046653 10df12e00                   Options.target_file_size_base: 67108864
2020/11/30-19:04:35.046654 10df12e00             Options.target_file_size_multiplier: 1
2020/11/30-19:04:35.046654 10df12e00                Options.max_bytes_for_level_base: 268435456
2020/11/30-19:04:35.046655 10df12e00 Options.level_compaction_dynamic_level_bytes: 0
2020/11/30-19:04:35.046656 10df12e00          Options.max_bytes_for_level_multiplier: 10.000000
2020/11/30-19:04:35.046657 10df12e00 Options.max_bytes_for_level_multiplier_addtl[0]: 1
2020/11/30-19:04:35.046658 10df12e00 Options.max_bytes_for_level_multiplier_addtl[1]: 1
2020/11/30-19:04:35.046659 10df12e00 Options.max_bytes_for_level_multiplier_addtl[2]: 1
2020/11/30-19:04:35.046660 10df12e00 Options.max_bytes_for_level_multiplier_addtl[3]: 1
2020/11/30-19:04:35.046661 10df12e00 Options.max_bytes_for_level_multiplier_addtl[4]: 1
2020/11/30-19:04:35.046662 10df12e00 Options.max_bytes_for_level_multiplier_addtl[5]: 1
2020/11/30-19:04:35.046663 10df12e00 Options.max_bytes_for_level_multiplier_addtl[6]: 1
2020/11/30-19:04:35.046664 10df12e00       Options.max_sequential_skip_in_iterations: 8
2020/11/30-19:04:35.046665 10df12e00                    Options.max_compaction_bytes: 1677721600
2020/11/30-19:04:35.046666 10df12e00                        Options.arena_block_size: 8388608
2020/11/30-19:04:35.046667 10df12e00   Options.soft_pending_compaction_bytes_limit: 68719476736
2020/11/30-19:04:35.046668 10df12e00   Options.hard_pending_compaction_bytes_limit: 274877906944
2020/11/30-19:04:35.046669 10df12e00       Options.rate_limit_delay_max_milliseconds: 100
2020/11/30-19:04:35.046670 10df12e00                Options.disable_auto_compactions: 0
2020/11/30-19:04:35.046670 10df12e00                        Options.compaction_style: kCompactionStyleLevel
2020/11/30-19:04:35.046671 10df12e00                          Options.compaction_pri: kMinOverlappingRatio
2020/11/30-19:04:35.046672 10df12e00 Options.compaction_options_universal.size_ratio: 1
2020/11/30-19:04:35.046673 10df12e00 Options.compaction_options_universal.min_merge_width: 2
2020/11/30-19:04:35.046674 10df12e00 Options.compaction_options_universal.max_merge_width: 4294967295
2020/11/30-19:04:35.046675 10df12e00 Options.compaction_options_universal.max_size_amplification_percent: 200
2020/11/30-19:04:35.046676 10df12e00 Options.compaction_options_universal.compression_size_percent: -1
2020/11/30-19:04:35.046677 10df12e00 Options.compaction_options_universal.stop_style: kCompactionStopStyleTotalSize
2020/11/30-19:04:35.046678 10df12e00 Options.compaction_options_fifo.max_table_files_size: 1073741824
2020/11/30-19:04:35.046679 10df12e00 Options.compaction_options_fifo.allow_compaction: 0
2020/11/30-19:04:35.046680 10df12e00                   Options.table_properties_collectors: 
2020/11/30-19:04:35.046681 10df12e00                   Options.inplace_update_support: 0
2020/11/30-19:04:35.046682 10df12e00                 Options.inplace_update_num_locks: 10000
2020/11/30-19:04:35.046683 10df12e00               Options.memtable_prefix_bloom_size_ratio: 0.000000
2020/11/30-19:04:35.046684 10df12e00               Options.memtable_whole_key_filtering: 0
2020/11/30-19:04:35.046685 10df12e00   Options.memtable_huge_page_size: 0
2020/11/30-19:04:35.046686 10df12e00                           Options.bloom_locality: 0
2020/11/30-19:04:35.046687 10df12e00                    Options.max_successive_merges: 0
2020/11/30-19:04:35.046688 10df12e00                Options.optimize_filters_for_hits: 0
2020/11/30-19:04:35.046689 10df12e00                Options.paranoid_file_checks: 0
2020/11/30-19:04:35.046689 10df12e00                Options.force_consistency_checks: 0
2020/11/30-19:04:35.046690 10df12e00                Options.report_bg_io_stats: 0
2020/11/30-19:04:35.046691 10df12e00                               Options.ttl: 2592000
2020/11/30-19:04:35.046692 10df12e00          Options.periodic_compaction_seconds: 0
2020/11/30-19:04:35.046739 10df12e00 [db/column_family.cc:579] --------------- Options for column family [index_to_message_id]:
2020/11/30-19:04:35.046741 10df12e00               Options.comparator: leveldb.BytewiseComparator
2020/11/30-19:04:35.046742 10df12e00           Options.merge_operator: None
2020/11/30-19:04:35.046743 10df12e00        Options.compaction_filter: None
2020/11/30-19:04:35.046744 10df12e00        Options.compaction_filter_factory: None
2020/11/30-19:04:35.046745 10df12e00         Options.memtable_factory: SkipListFactory
2020/11/30-19:04:35.046746 10df12e00            Options.table_factory: BlockBasedTable
2020/11/30-19:04:35.046758 10df12e00            table_factory options:   flush_block_policy_factory: FlushBlockBySizePolicyFactory (0x7ff4dbd15660)
  cache_index_and_filter_blocks: 0
  cache_index_and_filter_blocks_with_high_priority: 1
  pin_l0_filter_and_index_blocks_in_cache: 0
  pin_top_level_index_and_filter: 1
  index_type: 0
  data_block_index_type: 0
  index_shortening: 1
  data_block_hash_table_util_ratio: 0.750000
  hash_index_allow_collision: 1
  checksum: 1
  no_block_cache: 0
  block_cache: 0x7ff4dbd156a8
  block_cache_name: LRUCache
  block_cache_options:
    capacity : 8388608
    num_shard_bits : 4
    strict_capacity_limit : 0
    memory_allocator : None
    high_pri_pool_ratio: 0.000
  block_cache_compressed: 0x0
  persistent_cache: 0x0
  block_size: 4096
  block_size_deviation: 10
  block_restart_interval: 16
  index_block_restart_interval: 1
  metadata_block_size: 4096
  partition_filters: 0
  use_delta_encoding: 1
  filter_policy: nullptr
  whole_key_filtering: 1
  verify_compression: 0
  read_amp_bytes_per_bit: 0
  format_version: 4
  enable_index_compression: 1
  block_align: 0
2020/11/30-19:04:35.046760 10df12e00        Options.write_buffer_size: 67108864
2020/11/30-19:04:35.046760 10df12e00  Options.max_write_buffer_number: 2
2020/11/30-19:04:35.046761 10df12e00          Options.compression: NoCompression
2020/11/30-19:04:35.046762 10df12e00                  Options.bottommost_compression: Disabled
2020/11/30-19:04:35.046763 10df12e00       Options.prefix_extractor: rocksdb.FixedPrefix.32
2020/11/30-19:04:35.046764 10df12e00   Options.memtable_insert_with_hint_prefix_extractor: nullptr
2020/11/30-19:04:35.046765 10df12e00             Options.num_levels: 7
2020/11/30-19:04:35.046766 10df12e00        Options.min_write_buffer_number_to_merge: 1
2020/11/30-19:04:35.046767 10df12e00     Options.max_write_buffer_number_to_maintain: 0
2020/11/30-19:04:35.046768 10df12e00     Options.max_write_buffer_size_to_maintain: 0
2020/11/30-19:04:35.046769 10df12e00            Options.bottommost_compression_opts.window_bits: -14
2020/11/30-19:04:35.046770 10df12e00                  Options.bottommost_compression_opts.level: 32767
2020/11/30-19:04:35.046771 10df12e00               Options.bottommost_compression_opts.strategy: 0
2020/11/30-19:04:35.046772 10df12e00         Options.bottommost_compression_opts.max_dict_bytes: 0
2020/11/30-19:04:35.046773 10df12e00         Options.bottommost_compression_opts.zstd_max_train_bytes: 0
2020/11/30-19:04:35.046774 10df12e00         Options.bottommost_compression_opts.parallel_threads: 1
2020/11/30-19:04:35.046775 10df12e00                  Options.bottommost_compression_opts.enabled: false
2020/11/30-19:04:35.046775 10df12e00            Options.compression_opts.window_bits: -14
2020/11/30-19:04:35.046776 10df12e00                  Options.compression_opts.level: 32767
2020/11/30-19:04:35.046777 10df12e00               Options.compression_opts.strategy: 0
2020/11/30-19:04:35.046778 10df12e00         Options.compression_opts.max_dict_bytes: 0
2020/11/30-19:04:35.046779 10df12e00         Options.compression_opts.zstd_max_train_bytes: 0
2020/11/30-19:04:35.046780 10df12e00         Options.compression_opts.parallel_threads: 1
2020/11/30-19:04:35.046781 10df12e00                  Options.compression_opts.enabled: false
2020/11/30-19:04:35.046782 10df12e00      Options.level0_file_num_compaction_trigger: 4
2020/11/30-19:04:35.046798 10df12e00          Options.level0_slowdown_writes_trigger: 20
2020/11/30-19:04:35.046799 10df12e00              Options.level0_stop_writes_trigger: 36
2020/11/30-19:04:35.046800 10df12e00                   Options.target_file_size_base: 67108864
2020/11/30-19:04:35.046801 10df12e00             Options.target_file_size_multiplier: 1
2020/11/30-19:04:35.046802 10df12e00                Options.max_bytes_for_level_base: 268435456
2020/11/30-19:04:35.046803 10df12e00 Options.level_compaction_dynamic_level_bytes: 0
2020/11/30-19:04:35.046804 10df12e00          Options.max_bytes_for_level_multiplier: 10.000000
2020/11/30-19:04:35.046805 10df12e00 Options.max_bytes_for_level_multiplier_addtl[0]: 1
2020/11/30-19:04:35.046806 10df12e00 Options.max_bytes_for_level_multiplier_addtl[1]: 1
2020/11/30-19:04:35.046807 10df12e00 Options.max_bytes_for_level_multiplier_addtl[2]: 1
2020/11/30-19:04:35.046808 10df12e00 Options.max_bytes_for_level_multiplier_addtl[3]: 1
2020/11/30-19:04:35.046808 10df12e00 Options.max_bytes_for_level_multiplier_addtl[4]: 1
2020/11/30-19:04:35.046809 10df12e00 Options.max_bytes_for_level_multiplier_addtl[5]: 1
2020/11/30-19:04:35.046810 10df12e00 Options.max_bytes_for_level_multiplier_addtl[6]: 1
2020/11/30-19:04:35.046811 10df12e00       Options.max_sequential_skip_in_iterations: 8
2020/11/30-19:04:35.046817 10df12e00                    Options.max_compaction_bytes: 1677721600
2020/11/30-19:04:35.046818 10df12e00                        Options.arena_block_size: 8388608
2020/11/30-19:04:35.046819 10df12e00   Options.soft_pending_compaction_bytes_limit: 68719476736
2020/11/30-19:04:35.046820 10df12e00   Options.hard_pending_compaction_bytes_limit: 274877906944
2020/11/30-19:04:35.046821 10df12e00       Options.rate_limit_delay_max_milliseconds: 100
2020/11/30-19:04:35.046822 10df12e00                Options.disable_auto_compactions: 0
2020/11/30-19:04:35.046823 10df12e00                        Options.compaction_style: kCompactionStyleLevel
2020/11/30-19:04:35.046824 10df12e00                          Options.compaction_pri: kMinOverlappingRatio
2020/11/30-19:04:35.046825 10df12e00 Options.compaction_options_universal.size_ratio: 1
2020/11/30-19:04:35.046826 10df12e00 Options.compaction_options_universal.min_merge_width: 2
2020/11/30-19:04:35.046826 10df12e00 Options.compaction_options_universal.max_merge_width: 4294967295
2020/11/30-19:04:35.046827 10df12e00 Options.compaction_options_universal.max_size_amplification_percent: 200
2020/11/30-19:04:35.046828 10df12e00 Options.compaction_options_universal.compression_size_percent: -1
2020/11/30-19:04:35.046830 10df12e00 Options.compaction_options_universal.stop_style: kCompactionStopStyleTotalSize
2020/11/30-19:04:35.046831 10df12e00 Options.compaction_options_fifo.max_table_files_size: 1073741824
2020/11/30-19:04:35.046832 10df12e00 Options.compaction_options_fifo.allow_compaction: 0
2020/11/30-19:04:35.046833 10df12e00                   Options.table_properties_collectors: 
