2020/11/30-18:50:02.045225 11525fe00 RocksDB version: 6.11.4
2020/11/30-18:50:02.045312 11525fe00 Git sha rocksdb_build_git_sha:@48bfca38f6f175435052a59791922a1a453d9609@
2020/11/30-18:50:02.045315 11525fe00 Compile date Nov 30 2020
2020/11/30-18:50:02.045316 11525fe00 DB SUMMARY
2020/11/30-18:50:02.045572 11525fe00 CURRENT file:  CURRENT
2020/11/30-18:50:02.045575 11525fe00 IDENTITY file:  IDENTITY
2020/11/30-18:50:02.045583 11525fe00 MANIFEST file:  MANIFEST-000457 size: 825 Bytes
2020/11/30-18:50:02.045585 11525fe00 SST files in ./database/alphanet dir, Total Num: 0, files: 
2020/11/30-18:50:02.045587 11525fe00 Write Ahead Log file in ./database/alphanet: 000458.log size: 0 ; 
2020/11/30-18:50:02.045603 11525fe00                         Options.error_if_exists: 0
2020/11/30-18:50:02.045605 11525fe00                       Options.create_if_missing: 1
2020/11/30-18:50:02.045606 11525fe00                         Options.paranoid_checks: 1
2020/11/30-18:50:02.045607 11525fe00                                     Options.env: 0x108e124b8
2020/11/30-18:50:02.045608 11525fe00                                      Options.fs: Posix File System
2020/11/30-18:50:02.045609 11525fe00                                Options.info_log: 0x7f85edc36f90
2020/11/30-18:50:02.045611 11525fe00                Options.max_file_opening_threads: 16
2020/11/30-18:50:02.045612 11525fe00                              Options.statistics: 0x7f85edc35dd8
2020/11/30-18:50:02.045613 11525fe00                               Options.use_fsync: 0
2020/11/30-18:50:02.045614 11525fe00                       Options.max_log_file_size: 0
2020/11/30-18:50:02.045615 11525fe00                  Options.max_manifest_file_size: 1073741824
2020/11/30-18:50:02.045616 11525fe00                   Options.log_file_time_to_roll: 0
2020/11/30-18:50:02.045617 11525fe00                       Options.keep_log_file_num: 1000
2020/11/30-18:50:02.045618 11525fe00                    Options.recycle_log_file_num: 0
2020/11/30-18:50:02.045619 11525fe00                         Options.allow_fallocate: 1
2020/11/30-18:50:02.045620 11525fe00                        Options.allow_mmap_reads: 0
2020/11/30-18:50:02.045621 11525fe00                       Options.allow_mmap_writes: 0
2020/11/30-18:50:02.045622 11525fe00                        Options.use_direct_reads: 0
2020/11/30-18:50:02.045623 11525fe00                        Options.use_direct_io_for_flush_and_compaction: 0
2020/11/30-18:50:02.045624 11525fe00          Options.create_missing_column_families: 1
2020/11/30-18:50:02.045625 11525fe00                              Options.db_log_dir: 
2020/11/30-18:50:02.045626 11525fe00                                 Options.wal_dir: ./database/alphanet
2020/11/30-18:50:02.045627 11525fe00                Options.table_cache_numshardbits: 6
2020/11/30-18:50:02.045628 11525fe00                      Options.max_subcompactions: 1
2020/11/30-18:50:02.045629 11525fe00                         Options.WAL_ttl_seconds: 0
2020/11/30-18:50:02.045630 11525fe00                       Options.WAL_size_limit_MB: 0
2020/11/30-18:50:02.045631 11525fe00                        Options.max_write_batch_group_size_bytes: 1048576
2020/11/30-18:50:02.045632 11525fe00             Options.manifest_preallocation_size: 4194304
2020/11/30-18:50:02.045633 11525fe00                     Options.is_fd_close_on_exec: 1
2020/11/30-18:50:02.045634 11525fe00                   Options.advise_random_on_open: 1
2020/11/30-18:50:02.045635 11525fe00                    Options.db_write_buffer_size: 0
2020/11/30-18:50:02.045636 11525fe00                    Options.write_buffer_manager: 0x7f85edc36f00
2020/11/30-18:50:02.045637 11525fe00         Options.access_hint_on_compaction_start: 1
2020/11/30-18:50:02.045638 11525fe00  Options.new_table_reader_for_compaction_inputs: 0
2020/11/30-18:50:02.045639 11525fe00           Options.random_access_max_buffer_size: 1048576
2020/11/30-18:50:02.045640 11525fe00                      Options.use_adaptive_mutex: 0
2020/11/30-18:50:02.045641 11525fe00                            Options.rate_limiter: 0x0
2020/11/30-18:50:02.045642 11525fe00     Options.sst_file_manager.rate_bytes_per_sec: 0
2020/11/30-18:50:02.045668 11525fe00                       Options.wal_recovery_mode: 2
2020/11/30-18:50:02.045669 11525fe00                  Options.enable_thread_tracking: 0
2020/11/30-18:50:02.045670 11525fe00                  Options.enable_pipelined_write: 0
2020/11/30-18:50:02.045673 11525fe00                  Options.unordered_write: 0
2020/11/30-18:50:02.045674 11525fe00         Options.allow_concurrent_memtable_write: 1
2020/11/30-18:50:02.045675 11525fe00      Options.enable_write_thread_adaptive_yield: 1
2020/11/30-18:50:02.045676 11525fe00             Options.write_thread_max_yield_usec: 100
2020/11/30-18:50:02.045678 11525fe00            Options.write_thread_slow_yield_usec: 3
2020/11/30-18:50:02.045679 11525fe00                               Options.row_cache: None
2020/11/30-18:50:02.045679 11525fe00                              Options.wal_filter: None
2020/11/30-18:50:02.045681 11525fe00             Options.avoid_flush_during_recovery: 0
2020/11/30-18:50:02.045682 11525fe00             Options.allow_ingest_behind: 0
2020/11/30-18:50:02.045683 11525fe00             Options.preserve_deletes: 0
2020/11/30-18:50:02.045684 11525fe00             Options.two_write_queues: 0
2020/11/30-18:50:02.045685 11525fe00             Options.manual_wal_flush: 0
2020/11/30-18:50:02.045686 11525fe00             Options.atomic_flush: 1
2020/11/30-18:50:02.045687 11525fe00             Options.avoid_unnecessary_blocking_io: 0
2020/11/30-18:50:02.045688 11525fe00                 Options.persist_stats_to_disk: 0
2020/11/30-18:50:02.045689 11525fe00                 Options.write_dbid_to_manifest: 0
2020/11/30-18:50:02.045690 11525fe00                 Options.log_readahead_size: 0
2020/11/30-18:50:02.045691 11525fe00                 Options.file_checksum_gen_factory: Unknown
2020/11/30-18:50:02.045693 11525fe00                 Options.best_efforts_recovery: 0
2020/11/30-18:50:02.045695 11525fe00             Options.max_background_jobs: 12
2020/11/30-18:50:02.045696 11525fe00             Options.max_background_compactions: -1
2020/11/30-18:50:02.045697 11525fe00             Options.avoid_flush_during_shutdown: 0
2020/11/30-18:50:02.045698 11525fe00           Options.writable_file_max_buffer_size: 1048576
2020/11/30-18:50:02.045699 11525fe00             Options.delayed_write_rate : 16777216
2020/11/30-18:50:02.045700 11525fe00             Options.max_total_wal_size: 0
2020/11/30-18:50:02.045701 11525fe00             Options.delete_obsolete_files_period_micros: 21600000000
2020/11/30-18:50:02.045702 11525fe00                   Options.stats_dump_period_sec: 600
2020/11/30-18:50:02.045703 11525fe00                 Options.stats_persist_period_sec: 600
2020/11/30-18:50:02.045704 11525fe00                 Options.stats_history_buffer_size: 1048576
2020/11/30-18:50:02.045705 11525fe00                          Options.max_open_files: -1
2020/11/30-18:50:02.045706 11525fe00                          Options.bytes_per_sync: 0
2020/11/30-18:50:02.045707 11525fe00                      Options.wal_bytes_per_sync: 0
2020/11/30-18:50:02.045708 11525fe00                   Options.strict_bytes_per_sync: 0
2020/11/30-18:50:02.045709 11525fe00       Options.compaction_readahead_size: 0
2020/11/30-18:50:02.045710 11525fe00                  Options.max_background_flushes: -1
2020/11/30-18:50:02.045711 11525fe00 Compression algorithms supported:
2020/11/30-18:50:02.045712 11525fe00 	kZSTD supported: 0
2020/11/30-18:50:02.045714 11525fe00 	kZlibCompression supported: 0
2020/11/30-18:50:02.045715 11525fe00 	kXpressCompression supported: 0
2020/11/30-18:50:02.045716 11525fe00 	kSnappyCompression supported: 0
2020/11/30-18:50:02.045717 11525fe00 	kZSTDNotFinalCompression supported: 0
2020/11/30-18:50:02.045718 11525fe00 	kLZ4HCCompression supported: 0
2020/11/30-18:50:02.045719 11525fe00 	kLZ4Compression supported: 0
2020/11/30-18:50:02.045720 11525fe00 	kBZip2Compression supported: 0
2020/11/30-18:50:02.045724 11525fe00 Fast CRC32 supported: Supported on x86
2020/11/30-18:50:02.045879 11525fe00 [db/version_set.cc:4555] Recovering from manifest file: ./database/alphanet/MANIFEST-000457
2020/11/30-18:50:02.045955 11525fe00 [db/column_family.cc:579] --------------- Options for column family [default]:
2020/11/30-18:50:02.045958 11525fe00               Options.comparator: leveldb.BytewiseComparator
2020/11/30-18:50:02.045959 11525fe00           Options.merge_operator: None
2020/11/30-18:50:02.045960 11525fe00        Options.compaction_filter: None
2020/11/30-18:50:02.045961 11525fe00        Options.compaction_filter_factory: None
2020/11/30-18:50:02.045962 11525fe00         Options.memtable_factory: SkipListFactory
2020/11/30-18:50:02.045963 11525fe00            Options.table_factory: BlockBasedTable
2020/11/30-18:50:02.045981 11525fe00            table_factory options:   flush_block_policy_factory: FlushBlockBySizePolicyFactory (0x7f85edc36030)
  cache_index_and_filter_blocks: 0
  cache_index_and_filter_blocks_with_high_priority: 1
  pin_l0_filter_and_index_blocks_in_cache: 0
  pin_top_level_index_and_filter: 1
  index_type: 0
  data_block_index_type: 0
  index_shortening: 1
  data_block_hash_table_util_ratio: 0.750000
  hash_index_allow_collision: 1
  checksum: 1
  no_block_cache: 0
  block_cache: 0x7f85edc35648
  block_cache_name: LRUCache
  block_cache_options:
    capacity : 8388608
    num_shard_bits : 4
    strict_capacity_limit : 0
    memory_allocator : None
    high_pri_pool_ratio: 0.000
  block_cache_compressed: 0x0
  persistent_cache: 0x0
  block_size: 4096
  block_size_deviation: 10
  block_restart_interval: 16
  index_block_restart_interval: 1
  metadata_block_size: 4096
  partition_filters: 0
  use_delta_encoding: 1
  filter_policy: nullptr
  whole_key_filtering: 1
  verify_compression: 0
  read_amp_bytes_per_bit: 0
  format_version: 4
  enable_index_compression: 1
  block_align: 0
2020/11/30-18:50:02.045983 11525fe00        Options.write_buffer_size: 67108864
2020/11/30-18:50:02.045984 11525fe00  Options.max_write_buffer_number: 2
2020/11/30-18:50:02.045985 11525fe00          Options.compression: NoCompression
2020/11/30-18:50:02.045986 11525fe00                  Options.bottommost_compression: Disabled
2020/11/30-18:50:02.045987 11525fe00       Options.prefix_extractor: nullptr
2020/11/30-18:50:02.045988 11525fe00   Options.memtable_insert_with_hint_prefix_extractor: nullptr
2020/11/30-18:50:02.045989 11525fe00             Options.num_levels: 7
2020/11/30-18:50:02.045991 11525fe00        Options.min_write_buffer_number_to_merge: 1
2020/11/30-18:50:02.045992 11525fe00     Options.max_write_buffer_number_to_maintain: 0
2020/11/30-18:50:02.045993 11525fe00     Options.max_write_buffer_size_to_maintain: 0
2020/11/30-18:50:02.045994 11525fe00            Options.bottommost_compression_opts.window_bits: -14
2020/11/30-18:50:02.045995 11525fe00                  Options.bottommost_compression_opts.level: 32767
2020/11/30-18:50:02.045996 11525fe00               Options.bottommost_compression_opts.strategy: 0
2020/11/30-18:50:02.045997 11525fe00         Options.bottommost_compression_opts.max_dict_bytes: 0
2020/11/30-18:50:02.045998 11525fe00         Options.bottommost_compression_opts.zstd_max_train_bytes: 0
2020/11/30-18:50:02.045999 11525fe00         Options.bottommost_compression_opts.parallel_threads: 1
2020/11/30-18:50:02.046000 11525fe00                  Options.bottommost_compression_opts.enabled: false
2020/11/30-18:50:02.046001 11525fe00            Options.compression_opts.window_bits: -14
2020/11/30-18:50:02.046002 11525fe00                  Options.compression_opts.level: 32767
2020/11/30-18:50:02.046003 11525fe00               Options.compression_opts.strategy: 0
2020/11/30-18:50:02.046004 11525fe00         Options.compression_opts.max_dict_bytes: 0
2020/11/30-18:50:02.046005 11525fe00         Options.compression_opts.zstd_max_train_bytes: 0
2020/11/30-18:50:02.046006 11525fe00         Options.compression_opts.parallel_threads: 1
2020/11/30-18:50:02.046007 11525fe00                  Options.compression_opts.enabled: false
2020/11/30-18:50:02.046008 11525fe00      Options.level0_file_num_compaction_trigger: 4
2020/11/30-18:50:02.046009 11525fe00          Options.level0_slowdown_writes_trigger: 20
2020/11/30-18:50:02.046028 11525fe00              Options.level0_stop_writes_trigger: 36
2020/11/30-18:50:02.046029 11525fe00                   Options.target_file_size_base: 67108864
2020/11/30-18:50:02.046030 11525fe00             Options.target_file_size_multiplier: 1
2020/11/30-18:50:02.046031 11525fe00                Options.max_bytes_for_level_base: 268435456
2020/11/30-18:50:02.046032 11525fe00 Options.level_compaction_dynamic_level_bytes: 0
2020/11/30-18:50:02.046033 11525fe00          Options.max_bytes_for_level_multiplier: 10.000000
2020/11/30-18:50:02.046035 11525fe00 Options.max_bytes_for_level_multiplier_addtl[0]: 1
2020/11/30-18:50:02.046036 11525fe00 Options.max_bytes_for_level_multiplier_addtl[1]: 1
2020/11/30-18:50:02.046037 11525fe00 Options.max_bytes_for_level_multiplier_addtl[2]: 1
2020/11/30-18:50:02.046038 11525fe00 Options.max_bytes_for_level_multiplier_addtl[3]: 1
2020/11/30-18:50:02.046039 11525fe00 Options.max_bytes_for_level_multiplier_addtl[4]: 1
2020/11/30-18:50:02.046040 11525fe00 Options.max_bytes_for_level_multiplier_addtl[5]: 1
2020/11/30-18:50:02.046041 11525fe00 Options.max_bytes_for_level_multiplier_addtl[6]: 1
2020/11/30-18:50:02.046042 11525fe00       Options.max_sequential_skip_in_iterations: 8
2020/11/30-18:50:02.046043 11525fe00                    Options.max_compaction_bytes: 1677721600
2020/11/30-18:50:02.046044 11525fe00                        Options.arena_block_size: 8388608
2020/11/30-18:50:02.046045 11525fe00   Options.soft_pending_compaction_bytes_limit: 68719476736
2020/11/30-18:50:02.046047 11525fe00   Options.hard_pending_compaction_bytes_limit: 274877906944
2020/11/30-18:50:02.046048 11525fe00       Options.rate_limit_delay_max_milliseconds: 100
2020/11/30-18:50:02.046049 11525fe00                Options.disable_auto_compactions: 0
2020/11/30-18:50:02.046050 11525fe00                        Options.compaction_style: kCompactionStyleLevel
2020/11/30-18:50:02.046051 11525fe00                          Options.compaction_pri: kMinOverlappingRatio
2020/11/30-18:50:02.046052 11525fe00 Options.compaction_options_universal.size_ratio: 1
2020/11/30-18:50:02.046053 11525fe00 Options.compaction_options_universal.min_merge_width: 2
2020/11/30-18:50:02.046054 11525fe00 Options.compaction_options_universal.max_merge_width: 4294967295
2020/11/30-18:50:02.046055 11525fe00 Options.compaction_options_universal.max_size_amplification_percent: 200
2020/11/30-18:50:02.046056 11525fe00 Options.compaction_options_universal.compression_size_percent: -1
2020/11/30-18:50:02.046058 11525fe00 Options.compaction_options_universal.stop_style: kCompactionStopStyleTotalSize
2020/11/30-18:50:02.046059 11525fe00 Options.compaction_options_fifo.max_table_files_size: 1073741824
2020/11/30-18:50:02.046060 11525fe00 Options.compaction_options_fifo.allow_compaction: 0
2020/11/30-18:50:02.046065 11525fe00                   Options.table_properties_collectors: 
2020/11/30-18:50:02.046066 11525fe00                   Options.inplace_update_support: 0
2020/11/30-18:50:02.046067 11525fe00                 Options.inplace_update_num_locks: 10000
2020/11/30-18:50:02.046068 11525fe00               Options.memtable_prefix_bloom_size_ratio: 0.000000
2020/11/30-18:50:02.046069 11525fe00               Options.memtable_whole_key_filtering: 0
2020/11/30-18:50:02.046070 11525fe00   Options.memtable_huge_page_size: 0
2020/11/30-18:50:02.046071 11525fe00                           Options.bloom_locality: 0
2020/11/30-18:50:02.046072 11525fe00                    Options.max_successive_merges: 0
2020/11/30-18:50:02.046073 11525fe00                Options.optimize_filters_for_hits: 0
2020/11/30-18:50:02.046074 11525fe00                Options.paranoid_file_checks: 0
2020/11/30-18:50:02.046075 11525fe00                Options.force_consistency_checks: 0
2020/11/30-18:50:02.046076 11525fe00                Options.report_bg_io_stats: 0
2020/11/30-18:50:02.046077 11525fe00                               Options.ttl: 2592000
2020/11/30-18:50:02.046078 11525fe00          Options.periodic_compaction_seconds: 0
2020/11/30-18:50:02.046209 11525fe00 [db/column_family.cc:579] --------------- Options for column family [message_id_to_message]:
2020/11/30-18:50:02.046212 11525fe00               Options.comparator: leveldb.BytewiseComparator
2020/11/30-18:50:02.046213 11525fe00           Options.merge_operator: None
2020/11/30-18:50:02.046214 11525fe00        Options.compaction_filter: None
2020/11/30-18:50:02.046215 11525fe00        Options.compaction_filter_factory: None
2020/11/30-18:50:02.046216 11525fe00         Options.memtable_factory: SkipListFactory
2020/11/30-18:50:02.046218 11525fe00            Options.table_factory: BlockBasedTable
2020/11/30-18:50:02.046234 11525fe00            table_factory options:   flush_block_policy_factory: FlushBlockBySizePolicyFactory (0x7f85edc20370)
  cache_index_and_filter_blocks: 0
  cache_index_and_filter_blocks_with_high_priority: 1
  pin_l0_filter_and_index_blocks_in_cache: 0
  pin_top_level_index_and_filter: 1
  index_type: 0
  data_block_index_type: 0
  index_shortening: 1
  data_block_hash_table_util_ratio: 0.750000
  hash_index_allow_collision: 1
  checksum: 1
  no_block_cache: 0
  block_cache: 0x7f85edc2f8a8
  block_cache_name: LRUCache
  block_cache_options:
    capacity : 8388608
    num_shard_bits : 4
    strict_capacity_limit : 0
    memory_allocator : None
    high_pri_pool_ratio: 0.000
  block_cache_compressed: 0x0
  persistent_cache: 0x0
  block_size: 4096
  block_size_deviation: 10
  block_restart_interval: 16
  index_block_restart_interval: 1
  metadata_block_size: 4096
  partition_filters: 0
  use_delta_encoding: 1
  filter_policy: nullptr
  whole_key_filtering: 1
  verify_compression: 0
  read_amp_bytes_per_bit: 0
  format_version: 4
  enable_index_compression: 1
  block_align: 0
2020/11/30-18:50:02.046235 11525fe00        Options.write_buffer_size: 67108864
2020/11/30-18:50:02.046237 11525fe00  Options.max_write_buffer_number: 2
2020/11/30-18:50:02.046238 11525fe00          Options.compression: NoCompression
2020/11/30-18:50:02.046239 11525fe00                  Options.bottommost_compression: Disabled
2020/11/30-18:50:02.046240 11525fe00       Options.prefix_extractor: nullptr
2020/11/30-18:50:02.046241 11525fe00   Options.memtable_insert_with_hint_prefix_extractor: nullptr
2020/11/30-18:50:02.046242 11525fe00             Options.num_levels: 7
2020/11/30-18:50:02.046243 11525fe00        Options.min_write_buffer_number_to_merge: 1
2020/11/30-18:50:02.046244 11525fe00     Options.max_write_buffer_number_to_maintain: 0
2020/11/30-18:50:02.046245 11525fe00     Options.max_write_buffer_size_to_maintain: 0
2020/11/30-18:50:02.046246 11525fe00            Options.bottommost_compression_opts.window_bits: -14
2020/11/30-18:50:02.046247 11525fe00                  Options.bottommost_compression_opts.level: 32767
2020/11/30-18:50:02.046248 11525fe00               Options.bottommost_compression_opts.strategy: 0
2020/11/30-18:50:02.046249 11525fe00         Options.bottommost_compression_opts.max_dict_bytes: 0
2020/11/30-18:50:02.046250 11525fe00         Options.bottommost_compression_opts.zstd_max_train_bytes: 0
2020/11/30-18:50:02.046251 11525fe00         Options.bottommost_compression_opts.parallel_threads: 1
2020/11/30-18:50:02.046252 11525fe00                  Options.bottommost_compression_opts.enabled: false
2020/11/30-18:50:02.046253 11525fe00            Options.compression_opts.window_bits: -14
2020/11/30-18:50:02.046254 11525fe00                  Options.compression_opts.level: 32767
2020/11/30-18:50:02.046255 11525fe00               Options.compression_opts.strategy: 0
2020/11/30-18:50:02.046256 11525fe00         Options.compression_opts.max_dict_bytes: 0
2020/11/30-18:50:02.046257 11525fe00         Options.compression_opts.zstd_max_train_bytes: 0
2020/11/30-18:50:02.046258 11525fe00         Options.compression_opts.parallel_threads: 1
2020/11/30-18:50:02.046259 11525fe00                  Options.compression_opts.enabled: false
2020/11/30-18:50:02.046260 11525fe00      Options.level0_file_num_compaction_trigger: 4
2020/11/30-18:50:02.046261 11525fe00          Options.level0_slowdown_writes_trigger: 20
2020/11/30-18:50:02.046280 11525fe00              Options.level0_stop_writes_trigger: 36
2020/11/30-18:50:02.046282 11525fe00                   Options.target_file_size_base: 67108864
2020/11/30-18:50:02.046283 11525fe00             Options.target_file_size_multiplier: 1
2020/11/30-18:50:02.046284 11525fe00                Options.max_bytes_for_level_base: 268435456
2020/11/30-18:50:02.046285 11525fe00 Options.level_compaction_dynamic_level_bytes: 0
2020/11/30-18:50:02.046286 11525fe00          Options.max_bytes_for_level_multiplier: 10.000000
2020/11/30-18:50:02.046287 11525fe00 Options.max_bytes_for_level_multiplier_addtl[0]: 1
2020/11/30-18:50:02.046288 11525fe00 Options.max_bytes_for_level_multiplier_addtl[1]: 1
2020/11/30-18:50:02.046289 11525fe00 Options.max_bytes_for_level_multiplier_addtl[2]: 1
2020/11/30-18:50:02.046290 11525fe00 Options.max_bytes_for_level_multiplier_addtl[3]: 1
2020/11/30-18:50:02.046291 11525fe00 Options.max_bytes_for_level_multiplier_addtl[4]: 1
2020/11/30-18:50:02.046292 11525fe00 Options.max_bytes_for_level_multiplier_addtl[5]: 1
2020/11/30-18:50:02.046293 11525fe00 Options.max_bytes_for_level_multiplier_addtl[6]: 1
2020/11/30-18:50:02.046294 11525fe00       Options.max_sequential_skip_in_iterations: 8
2020/11/30-18:50:02.046295 11525fe00                    Options.max_compaction_bytes: 1677721600
2020/11/30-18:50:02.046297 11525fe00                        Options.arena_block_size: 8388608
2020/11/30-18:50:02.046298 11525fe00   Options.soft_pending_compaction_bytes_limit: 68719476736
2020/11/30-18:50:02.046299 11525fe00   Options.hard_pending_compaction_bytes_limit: 274877906944
2020/11/30-18:50:02.046300 11525fe00       Options.rate_limit_delay_max_milliseconds: 100
2020/11/30-18:50:02.046301 11525fe00                Options.disable_auto_compactions: 0
2020/11/30-18:50:02.046302 11525fe00                        Options.compaction_style: kCompactionStyleLevel
2020/11/30-18:50:02.046303 11525fe00                          Options.compaction_pri: kMinOverlappingRatio
2020/11/30-18:50:02.046304 11525fe00 Options.compaction_options_universal.size_ratio: 1
2020/11/30-18:50:02.046305 11525fe00 Options.compaction_options_universal.min_merge_width: 2
2020/11/30-18:50:02.046306 11525fe00 Options.compaction_options_universal.max_merge_width: 4294967295
2020/11/30-18:50:02.046307 11525fe00 Options.compaction_options_universal.max_size_amplification_percent: 200
2020/11/30-18:50:02.046308 11525fe00 Options.compaction_options_universal.compression_size_percent: -1
2020/11/30-18:50:02.046310 11525fe00 Options.compaction_options_universal.stop_style: kCompactionStopStyleTotalSize
2020/11/30-18:50:02.046311 11525fe00 Options.compaction_options_fifo.max_table_files_size: 1073741824
2020/11/30-18:50:02.046312 11525fe00 Options.compaction_options_fifo.allow_compaction: 0
2020/11/30-18:50:02.046313 11525fe00                   Options.table_properties_collectors: 
2020/11/30-18:50:02.046314 11525fe00                   Options.inplace_update_support: 0
2020/11/30-18:50:02.046315 11525fe00                 Options.inplace_update_num_locks: 10000
2020/11/30-18:50:02.046316 11525fe00               Options.memtable_prefix_bloom_size_ratio: 0.000000
2020/11/30-18:50:02.046317 11525fe00               Options.memtable_whole_key_filtering: 0
2020/11/30-18:50:02.046318 11525fe00   Options.memtable_huge_page_size: 0
2020/11/30-18:50:02.046319 11525fe00                           Options.bloom_locality: 0
2020/11/30-18:50:02.046320 11525fe00                    Options.max_successive_merges: 0
2020/11/30-18:50:02.046321 11525fe00                Options.optimize_filters_for_hits: 0
2020/11/30-18:50:02.046322 11525fe00                Options.paranoid_file_checks: 0
2020/11/30-18:50:02.046323 11525fe00                Options.force_consistency_checks: 0
2020/11/30-18:50:02.046324 11525fe00                Options.report_bg_io_stats: 0
2020/11/30-18:50:02.046325 11525fe00                               Options.ttl: 2592000
2020/11/30-18:50:02.046326 11525fe00          Options.periodic_compaction_seconds: 0
2020/11/30-18:50:02.046377 11525fe00 [db/column_family.cc:579] --------------- Options for column family [message_id_to_message_id]:
2020/11/30-18:50:02.046380 11525fe00               Options.comparator: leveldb.BytewiseComparator
2020/11/30-18:50:02.046381 11525fe00           Options.merge_operator: None
2020/11/30-18:50:02.046382 11525fe00        Options.compaction_filter: None
2020/11/30-18:50:02.046383 11525fe00        Options.compaction_filter_factory: None
2020/11/30-18:50:02.046384 11525fe00         Options.memtable_factory: SkipListFactory
2020/11/30-18:50:02.046385 11525fe00            Options.table_factory: BlockBasedTable
2020/11/30-18:50:02.046399 11525fe00            table_factory options:   flush_block_policy_factory: FlushBlockBySizePolicyFactory (0x7f85edc30f50)
  cache_index_and_filter_blocks: 0
  cache_index_and_filter_blocks_with_high_priority: 1
  pin_l0_filter_and_index_blocks_in_cache: 0
  pin_top_level_index_and_filter: 1
  index_type: 0
  data_block_index_type: 0
  index_shortening: 1
  data_block_hash_table_util_ratio: 0.750000
  hash_index_allow_collision: 1
  checksum: 1
  no_block_cache: 0
  block_cache: 0x7f85edc30f98
  block_cache_name: LRUCache
  block_cache_options:
    capacity : 8388608
    num_shard_bits : 4
    strict_capacity_limit : 0
    memory_allocator : None
    high_pri_pool_ratio: 0.000
  block_cache_compressed: 0x0
  persistent_cache: 0x0
  block_size: 4096
  block_size_deviation: 10
  block_restart_interval: 16
  index_block_restart_interval: 1
  metadata_block_size: 4096
  partition_filters: 0
  use_delta_encoding: 1
  filter_policy: nullptr
  whole_key_filtering: 1
  verify_compression: 0
  read_amp_bytes_per_bit: 0
  format_version: 4
  enable_index_compression: 1
  block_align: 0
2020/11/30-18:50:02.046400 11525fe00        Options.write_buffer_size: 67108864
2020/11/30-18:50:02.046401 11525fe00  Options.max_write_buffer_number: 2
2020/11/30-18:50:02.046402 11525fe00          Options.compression: NoCompression
2020/11/30-18:50:02.046403 11525fe00                  Options.bottommost_compression: Disabled
2020/11/30-18:50:02.046405 11525fe00       Options.prefix_extractor: rocksdb.FixedPrefix.32
2020/11/30-18:50:02.046406 11525fe00   Options.memtable_insert_with_hint_prefix_extractor: nullptr
2020/11/30-18:50:02.046407 11525fe00             Options.num_levels: 7
2020/11/30-18:50:02.046408 11525fe00        Options.min_write_buffer_number_to_merge: 1
2020/11/30-18:50:02.046409 11525fe00     Options.max_write_buffer_number_to_maintain: 0
2020/11/30-18:50:02.046410 11525fe00     Options.max_write_buffer_size_to_maintain: 0
2020/11/30-18:50:02.046411 11525fe00            Options.bottommost_compression_opts.window_bits: -14
2020/11/30-18:50:02.046412 11525fe00                  Options.bottommost_compression_opts.level: 32767
2020/11/30-18:50:02.046413 11525fe00               Options.bottommost_compression_opts.strategy: 0
2020/11/30-18:50:02.046414 11525fe00         Options.bottommost_compression_opts.max_dict_bytes: 0
2020/11/30-18:50:02.046415 11525fe00         Options.bottommost_compression_opts.zstd_max_train_bytes: 0
2020/11/30-18:50:02.046416 11525fe00         Options.bottommost_compression_opts.parallel_threads: 1
2020/11/30-18:50:02.046417 11525fe00                  Options.bottommost_compression_opts.enabled: false
2020/11/30-18:50:02.046418 11525fe00            Options.compression_opts.window_bits: -14
2020/11/30-18:50:02.046419 11525fe00                  Options.compression_opts.level: 32767
2020/11/30-18:50:02.046420 11525fe00               Options.compression_opts.strategy: 0
2020/11/30-18:50:02.046421 11525fe00         Options.compression_opts.max_dict_bytes: 0
2020/11/30-18:50:02.046422 11525fe00         Options.compression_opts.zstd_max_train_bytes: 0
2020/11/30-18:50:02.046423 11525fe00         Options.compression_opts.parallel_threads: 1
2020/11/30-18:50:02.046424 11525fe00                  Options.compression_opts.enabled: false
2020/11/30-18:50:02.046425 11525fe00      Options.level0_file_num_compaction_trigger: 4
2020/11/30-18:50:02.046426 11525fe00          Options.level0_slowdown_writes_trigger: 20
2020/11/30-18:50:02.046443 11525fe00              Options.level0_stop_writes_trigger: 36
2020/11/30-18:50:02.046445 11525fe00                   Options.target_file_size_base: 67108864
2020/11/30-18:50:02.046446 11525fe00             Options.target_file_size_multiplier: 1
2020/11/30-18:50:02.046447 11525fe00                Options.max_bytes_for_level_base: 268435456
2020/11/30-18:50:02.046448 11525fe00 Options.level_compaction_dynamic_level_bytes: 0
2020/11/30-18:50:02.046449 11525fe00          Options.max_bytes_for_level_multiplier: 10.000000
2020/11/30-18:50:02.046450 11525fe00 Options.max_bytes_for_level_multiplier_addtl[0]: 1
2020/11/30-18:50:02.046451 11525fe00 Options.max_bytes_for_level_multiplier_addtl[1]: 1
2020/11/30-18:50:02.046452 11525fe00 Options.max_bytes_for_level_multiplier_addtl[2]: 1
2020/11/30-18:50:02.046453 11525fe00 Options.max_bytes_for_level_multiplier_addtl[3]: 1
2020/11/30-18:50:02.046454 11525fe00 Options.max_bytes_for_level_multiplier_addtl[4]: 1
2020/11/30-18:50:02.046455 11525fe00 Options.max_bytes_for_level_multiplier_addtl[5]: 1
2020/11/30-18:50:02.046456 11525fe00 Options.max_bytes_for_level_multiplier_addtl[6]: 1
2020/11/30-18:50:02.046457 11525fe00       Options.max_sequential_skip_in_iterations: 8
2020/11/30-18:50:02.046458 11525fe00                    Options.max_compaction_bytes: 1677721600
2020/11/30-18:50:02.046459 11525fe00                        Options.arena_block_size: 8388608
2020/11/30-18:50:02.046460 11525fe00   Options.soft_pending_compaction_bytes_limit: 68719476736
2020/11/30-18:50:02.046461 11525fe00   Options.hard_pending_compaction_bytes_limit: 274877906944
2020/11/30-18:50:02.046462 11525fe00       Options.rate_limit_delay_max_milliseconds: 100
2020/11/30-18:50:02.046463 11525fe00                Options.disable_auto_compactions: 0
2020/11/30-18:50:02.046465 11525fe00                        Options.compaction_style: kCompactionStyleLevel
2020/11/30-18:50:02.046466 11525fe00                          Options.compaction_pri: kMinOverlappingRatio
2020/11/30-18:50:02.046467 11525fe00 Options.compaction_options_universal.size_ratio: 1
2020/11/30-18:50:02.046468 11525fe00 Options.compaction_options_universal.min_merge_width: 2
2020/11/30-18:50:02.046469 11525fe00 Options.compaction_options_universal.max_merge_width: 4294967295
2020/11/30-18:50:02.046470 11525fe00 Options.compaction_options_universal.max_size_amplification_percent: 200
2020/11/30-18:50:02.046471 11525fe00 Options.compaction_options_universal.compression_size_percent: -1
2020/11/30-18:50:02.046472 11525fe00 Options.compaction_options_universal.stop_style: kCompactionStopStyleTotalSize
2020/11/30-18:50:02.046473 11525fe00 Options.compaction_options_fifo.max_table_files_size: 1073741824
2020/11/30-18:50:02.046474 11525fe00 Options.compaction_options_fifo.allow_compaction: 0
2020/11/30-18:50:02.046476 11525fe00                   Options.table_properties_collectors: 
2020/11/30-18:50:02.046477 11525fe00                   Options.inplace_update_support: 0
2020/11/30-18:50:02.046478 11525fe00                 Options.inplace_update_num_locks: 10000
2020/11/30-18:50:02.046479 11525fe00               Options.memtable_prefix_bloom_size_ratio: 0.000000
2020/11/30-18:50:02.046480 11525fe00               Options.memtable_whole_key_filtering: 0
2020/11/30-18:50:02.046481 11525fe00   Options.memtable_huge_page_size: 0
2020/11/30-18:50:02.046482 11525fe00                           Options.bloom_locality: 0
2020/11/30-18:50:02.046483 11525fe00                    Options.max_successive_merges: 0
2020/11/30-18:50:02.046484 11525fe00                Options.optimize_filters_for_hits: 0
2020/11/30-18:50:02.046485 11525fe00                Options.paranoid_file_checks: 0
2020/11/30-18:50:02.046486 11525fe00                Options.force_consistency_checks: 0
2020/11/30-18:50:02.046487 11525fe00                Options.report_bg_io_stats: 0
2020/11/30-18:50:02.046488 11525fe00                               Options.ttl: 2592000
2020/11/30-18:50:02.046489 11525fe00          Options.periodic_compaction_seconds: 0
2020/11/30-18:50:02.046542 11525fe00 [db/column_family.cc:579] --------------- Options for column family [index_to_message_id]:
2020/11/30-18:50:02.046545 11525fe00               Options.comparator: leveldb.BytewiseComparator
2020/11/30-18:50:02.046546 11525fe00           Options.merge_operator: None
2020/11/30-18:50:02.046547 11525fe00        Options.compaction_filter: None
2020/11/30-18:50:02.046548 11525fe00        Options.compaction_filter_factory: None
2020/11/30-18:50:02.046549 11525fe00         Options.memtable_factory: SkipListFactory
2020/11/30-18:50:02.046550 11525fe00            Options.table_factory: BlockBasedTable
2020/11/30-18:50:02.046561 11525fe00            table_factory options:   flush_block_policy_factory: FlushBlockBySizePolicyFactory (0x7f85edc31b40)
  cache_index_and_filter_blocks: 0
  cache_index_and_filter_blocks_with_high_priority: 1
  pin_l0_filter_and_index_blocks_in_cache: 0
  pin_top_level_index_and_filter: 1
  index_type: 0
  data_block_index_type: 0
  index_shortening: 1
  data_block_hash_table_util_ratio: 0.750000
  hash_index_allow_collision: 1
  checksum: 1
  no_block_cache: 0
  block_cache: 0x7f85edc31b88
  block_cache_name: LRUCache
  block_cache_options:
    capacity : 8388608
    num_shard_bits : 4
    strict_capacity_limit : 0
    memory_allocator : None
    high_pri_pool_ratio: 0.000
  block_cache_compressed: 0x0
  persistent_cache: 0x0
  block_size: 4096
  block_size_deviation: 10
  block_restart_interval: 16
  index_block_restart_interval: 1
  metadata_block_size: 4096
  partition_filters: 0
  use_delta_encoding: 1
  filter_policy: nullptr
  whole_key_filtering: 1
  verify_compression: 0
  read_amp_bytes_per_bit: 0
  format_version: 4
  enable_index_compression: 1
  block_align: 0
2020/11/30-18:50:02.046563 11525fe00        Options.write_buffer_size: 67108864
2020/11/30-18:50:02.046564 11525fe00  Options.max_write_buffer_number: 2
2020/11/30-18:50:02.046565 11525fe00          Options.compression: NoCompression
2020/11/30-18:50:02.046566 11525fe00                  Options.bottommost_compression: Disabled
2020/11/30-18:50:02.046567 11525fe00       Options.prefix_extractor: rocksdb.FixedPrefix.32
2020/11/30-18:50:02.046568 11525fe00   Options.memtable_insert_with_hint_prefix_extractor: nullptr
2020/11/30-18:50:02.046569 11525fe00             Options.num_levels: 7
2020/11/30-18:50:02.046570 11525fe00        Options.min_write_buffer_number_to_merge: 1
2020/11/30-18:50:02.046571 11525fe00     Options.max_write_buffer_number_to_maintain: 0
2020/11/30-18:50:02.046572 11525fe00     Options.max_write_buffer_size_to_maintain: 0
2020/11/30-18:50:02.046573 11525fe00            Options.bottommost_compression_opts.window_bits: -14
2020/11/30-18:50:02.046574 11525fe00                  Options.bottommost_compression_opts.level: 32767
2020/11/30-18:50:02.046575 11525fe00               Options.bottommost_compression_opts.strategy: 0
2020/11/30-18:50:02.046576 11525fe00         Options.bottommost_compression_opts.max_dict_bytes: 0
2020/11/30-18:50:02.046577 11525fe00         Options.bottommost_compression_opts.zstd_max_train_bytes: 0
2020/11/30-18:50:02.046578 11525fe00         Options.bottommost_compression_opts.parallel_threads: 1
2020/11/30-18:50:02.046579 11525fe00                  Options.bottommost_compression_opts.enabled: false
2020/11/30-18:50:02.046580 11525fe00            Options.compression_opts.window_bits: -14
2020/11/30-18:50:02.046581 11525fe00                  Options.compression_opts.level: 32767
2020/11/30-18:50:02.046582 11525fe00               Options.compression_opts.strategy: 0
2020/11/30-18:50:02.046583 11525fe00         Options.compression_opts.max_dict_bytes: 0
2020/11/30-18:50:02.046584 11525fe00         Options.compression_opts.zstd_max_train_bytes: 0
2020/11/30-18:50:02.046585 11525fe00         Options.compression_opts.parallel_threads: 1
2020/11/30-18:50:02.046586 11525fe00                  Options.compression_opts.enabled: false
2020/11/30-18:50:02.046587 11525fe00      Options.level0_file_num_compaction_trigger: 4
2020/11/30-18:50:02.046605 11525fe00          Options.level0_slowdown_writes_trigger: 20
2020/11/30-18:50:02.046606 11525fe00              Options.level0_stop_writes_trigger: 36
2020/11/30-18:50:02.046607 11525fe00                   Options.target_file_size_base: 67108864
2020/11/30-18:50:02.046608 11525fe00             Options.target_file_size_multiplier: 1
2020/11/30-18:50:02.046609 11525fe00                Options.max_bytes_for_level_base: 268435456
2020/11/30-18:50:02.046610 11525fe00 Options.level_compaction_dynamic_level_bytes: 0
2020/11/30-18:50:02.046611 11525fe00          Options.max_bytes_for_level_multiplier: 10.000000
2020/11/30-18:50:02.046612 11525fe00 Options.max_bytes_for_level_multiplier_addtl[0]: 1
2020/11/30-18:50:02.046613 11525fe00 Options.max_bytes_for_level_multiplier_addtl[1]: 1
2020/11/30-18:50:02.046614 11525fe00 Options.max_bytes_for_level_multiplier_addtl[2]: 1
2020/11/30-18:50:02.046616 11525fe00 Options.max_bytes_for_level_multiplier_addtl[3]: 1
2020/11/30-18:50:02.046617 11525fe00 Options.max_bytes_for_level_multiplier_addtl[4]: 1
2020/11/30-18:50:02.046618 11525fe00 Options.max_bytes_for_level_multiplier_addtl[5]: 1
2020/11/30-18:50:02.046619 11525fe00 Options.max_bytes_for_level_multiplier_addtl[6]: 1
2020/11/30-18:50:02.046620 11525fe00       Options.max_sequential_skip_in_iterations: 8
2020/11/30-18:50:02.046621 11525fe00                    Options.max_compaction_bytes: 1677721600
2020/11/30-18:50:02.046622 11525fe00                        Options.arena_block_size: 8388608
2020/11/30-18:50:02.046623 11525fe00   Options.soft_pending_compaction_bytes_limit: 68719476736
2020/11/30-18:50:02.046624 11525fe00   Options.hard_pending_compaction_bytes_limit: 274877906944
2020/11/30-18:50:02.046625 11525fe00       Options.rate_limit_delay_max_milliseconds: 100
2020/11/30-18:50:02.046626 11525fe00                Options.disable_auto_compactions: 0
2020/11/30-18:50:02.046627 11525fe00                        Options.compaction_style: kCompactionStyleLevel
2020/11/30-18:50:02.046628 11525fe00                          Options.compaction_pri: kMinOverlappingRatio
2020/11/30-18:50:02.046629 11525fe00 Options.compaction_options_universal.size_ratio: 1
2020/11/30-18:50:02.046630 11525fe00 Options.compaction_options_universal.min_merge_width: 2
2020/11/30-18:50:02.046631 11525fe00 Options.compaction_options_universal.max_merge_width: 4294967295
2020/11/30-18:50:02.046632 11525fe00 Options.compaction_options_universal.max_size_amplification_percent: 200
2020/11/30-18:50:02.046633 11525fe00 Options.compaction_options_universal.compression_size_percent: -1
2020/11/30-18:50:02.046634 11525fe00 Options.compaction_options_universal.stop_style: kCompactionStopStyleTotalSize
2020/11/30-18:50:02.046635 11525fe00 Options.compaction_options_fifo.max_table_files_size: 1073741824
2020/11/30-18:50:02.046637 11525fe00 Options.compaction_options_fifo.allow_compaction: 0
2020/11/30-18:50:02.046638 11525fe00                   Options.table_properties_collectors: 
