2020/11/30-19:03:48.353064 106ee8e00 RocksDB version: 6.11.4
2020/11/30-19:03:48.353119 106ee8e00 Git sha rocksdb_build_git_sha:@48bfca38f6f175435052a59791922a1a453d9609@
2020/11/30-19:03:48.353121 106ee8e00 Compile date Nov 30 2020
2020/11/30-19:03:48.353123 106ee8e00 DB SUMMARY
2020/11/30-19:03:48.353390 106ee8e00 CURRENT file:  CURRENT
2020/11/30-19:03:48.353392 106ee8e00 IDENTITY file:  IDENTITY
2020/11/30-19:03:48.353400 106ee8e00 MANIFEST file:  MANIFEST-000556 size: 825 Bytes
2020/11/30-19:03:48.353402 106ee8e00 SST files in ./database/alphanet dir, Total Num: 0, files: 
2020/11/30-19:03:48.353403 106ee8e00 Write Ahead Log file in ./database/alphanet: 000557.log size: 0 ; 
2020/11/30-19:03:48.353421 106ee8e00                         Options.error_if_exists: 0
2020/11/30-19:03:48.353422 106ee8e00                       Options.create_if_missing: 1
2020/11/30-19:03:48.353423 106ee8e00                         Options.paranoid_checks: 1
2020/11/30-19:03:48.353424 106ee8e00                                     Options.env: 0x1011b14b8
2020/11/30-19:03:48.353426 106ee8e00                                      Options.fs: Posix File System
2020/11/30-19:03:48.353427 106ee8e00                                Options.info_log: 0x7fee2bc1ea00
2020/11/30-19:03:48.353428 106ee8e00                Options.max_file_opening_threads: 16
2020/11/30-19:03:48.353429 106ee8e00                              Options.statistics: 0x7fee2bc1d848
2020/11/30-19:03:48.353429 106ee8e00                               Options.use_fsync: 0
2020/11/30-19:03:48.353430 106ee8e00                       Options.max_log_file_size: 0
2020/11/30-19:03:48.353431 106ee8e00                  Options.max_manifest_file_size: 1073741824
2020/11/30-19:03:48.353432 106ee8e00                   Options.log_file_time_to_roll: 0
2020/11/30-19:03:48.353433 106ee8e00                       Options.keep_log_file_num: 1000
2020/11/30-19:03:48.353434 106ee8e00                    Options.recycle_log_file_num: 0
2020/11/30-19:03:48.353435 106ee8e00                         Options.allow_fallocate: 1
2020/11/30-19:03:48.353436 106ee8e00                        Options.allow_mmap_reads: 0
2020/11/30-19:03:48.353437 106ee8e00                       Options.allow_mmap_writes: 0
2020/11/30-19:03:48.353438 106ee8e00                        Options.use_direct_reads: 0
2020/11/30-19:03:48.353439 106ee8e00                        Options.use_direct_io_for_flush_and_compaction: 0
2020/11/30-19:03:48.353440 106ee8e00          Options.create_missing_column_families: 1
2020/11/30-19:03:48.353441 106ee8e00                              Options.db_log_dir: 
2020/11/30-19:03:48.353441 106ee8e00                                 Options.wal_dir: ./database/alphanet
2020/11/30-19:03:48.353442 106ee8e00                Options.table_cache_numshardbits: 6
2020/11/30-19:03:48.353443 106ee8e00                      Options.max_subcompactions: 1
2020/11/30-19:03:48.353444 106ee8e00                         Options.WAL_ttl_seconds: 0
2020/11/30-19:03:48.353445 106ee8e00                       Options.WAL_size_limit_MB: 0
2020/11/30-19:03:48.353446 106ee8e00                        Options.max_write_batch_group_size_bytes: 1048576
2020/11/30-19:03:48.353447 106ee8e00             Options.manifest_preallocation_size: 4194304
2020/11/30-19:03:48.353448 106ee8e00                     Options.is_fd_close_on_exec: 1
2020/11/30-19:03:48.353449 106ee8e00                   Options.advise_random_on_open: 1
2020/11/30-19:03:48.353450 106ee8e00                    Options.db_write_buffer_size: 0
2020/11/30-19:03:48.353451 106ee8e00                    Options.write_buffer_manager: 0x7fee2bc1e970
2020/11/30-19:03:48.353452 106ee8e00         Options.access_hint_on_compaction_start: 1
2020/11/30-19:03:48.353452 106ee8e00  Options.new_table_reader_for_compaction_inputs: 0
2020/11/30-19:03:48.353453 106ee8e00           Options.random_access_max_buffer_size: 1048576
2020/11/30-19:03:48.353454 106ee8e00                      Options.use_adaptive_mutex: 0
2020/11/30-19:03:48.353455 106ee8e00                            Options.rate_limiter: 0x0
2020/11/30-19:03:48.353456 106ee8e00     Options.sst_file_manager.rate_bytes_per_sec: 0
2020/11/30-19:03:48.353480 106ee8e00                       Options.wal_recovery_mode: 2
2020/11/30-19:03:48.353481 106ee8e00                  Options.enable_thread_tracking: 0
2020/11/30-19:03:48.353482 106ee8e00                  Options.enable_pipelined_write: 0
2020/11/30-19:03:48.353485 106ee8e00                  Options.unordered_write: 0
2020/11/30-19:03:48.353486 106ee8e00         Options.allow_concurrent_memtable_write: 1
2020/11/30-19:03:48.353487 106ee8e00      Options.enable_write_thread_adaptive_yield: 1
2020/11/30-19:03:48.353488 106ee8e00             Options.write_thread_max_yield_usec: 100
2020/11/30-19:03:48.353489 106ee8e00            Options.write_thread_slow_yield_usec: 3
2020/11/30-19:03:48.353490 106ee8e00                               Options.row_cache: None
2020/11/30-19:03:48.353491 106ee8e00                              Options.wal_filter: None
2020/11/30-19:03:48.353492 106ee8e00             Options.avoid_flush_during_recovery: 0
2020/11/30-19:03:48.353493 106ee8e00             Options.allow_ingest_behind: 0
2020/11/30-19:03:48.353494 106ee8e00             Options.preserve_deletes: 0
2020/11/30-19:03:48.353494 106ee8e00             Options.two_write_queues: 0
2020/11/30-19:03:48.353495 106ee8e00             Options.manual_wal_flush: 0
2020/11/30-19:03:48.353496 106ee8e00             Options.atomic_flush: 1
2020/11/30-19:03:48.353497 106ee8e00             Options.avoid_unnecessary_blocking_io: 0
2020/11/30-19:03:48.353498 106ee8e00                 Options.persist_stats_to_disk: 0
2020/11/30-19:03:48.353499 106ee8e00                 Options.write_dbid_to_manifest: 0
2020/11/30-19:03:48.353500 106ee8e00                 Options.log_readahead_size: 0
2020/11/30-19:03:48.353501 106ee8e00                 Options.file_checksum_gen_factory: Unknown
2020/11/30-19:03:48.353503 106ee8e00                 Options.best_efforts_recovery: 0
2020/11/30-19:03:48.353504 106ee8e00             Options.max_background_jobs: 12
2020/11/30-19:03:48.353505 106ee8e00             Options.max_background_compactions: -1
2020/11/30-19:03:48.353506 106ee8e00             Options.avoid_flush_during_shutdown: 0
2020/11/30-19:03:48.353507 106ee8e00           Options.writable_file_max_buffer_size: 1048576
2020/11/30-19:03:48.353508 106ee8e00             Options.delayed_write_rate : 16777216
2020/11/30-19:03:48.353509 106ee8e00             Options.max_total_wal_size: 0
2020/11/30-19:03:48.353510 106ee8e00             Options.delete_obsolete_files_period_micros: 21600000000
2020/11/30-19:03:48.353511 106ee8e00                   Options.stats_dump_period_sec: 600
2020/11/30-19:03:48.353512 106ee8e00                 Options.stats_persist_period_sec: 600
2020/11/30-19:03:48.353512 106ee8e00                 Options.stats_history_buffer_size: 1048576
2020/11/30-19:03:48.353513 106ee8e00                          Options.max_open_files: -1
2020/11/30-19:03:48.353514 106ee8e00                          Options.bytes_per_sync: 0
2020/11/30-19:03:48.353515 106ee8e00                      Options.wal_bytes_per_sync: 0
2020/11/30-19:03:48.353516 106ee8e00                   Options.strict_bytes_per_sync: 0
2020/11/30-19:03:48.353517 106ee8e00       Options.compaction_readahead_size: 0
2020/11/30-19:03:48.353518 106ee8e00                  Options.max_background_flushes: -1
2020/11/30-19:03:48.353519 106ee8e00 Compression algorithms supported:
2020/11/30-19:03:48.353520 106ee8e00 	kZSTD supported: 0
2020/11/30-19:03:48.353521 106ee8e00 	kZlibCompression supported: 0
2020/11/30-19:03:48.353522 106ee8e00 	kXpressCompression supported: 0
2020/11/30-19:03:48.353523 106ee8e00 	kSnappyCompression supported: 0
2020/11/30-19:03:48.353524 106ee8e00 	kZSTDNotFinalCompression supported: 0
2020/11/30-19:03:48.353525 106ee8e00 	kLZ4HCCompression supported: 0
2020/11/30-19:03:48.353526 106ee8e00 	kLZ4Compression supported: 0
2020/11/30-19:03:48.353527 106ee8e00 	kBZip2Compression supported: 0
2020/11/30-19:03:48.353530 106ee8e00 Fast CRC32 supported: Supported on x86
2020/11/30-19:03:48.353675 106ee8e00 [db/version_set.cc:4555] Recovering from manifest file: ./database/alphanet/MANIFEST-000556
2020/11/30-19:03:48.353746 106ee8e00 [db/column_family.cc:579] --------------- Options for column family [default]:
2020/11/30-19:03:48.353749 106ee8e00               Options.comparator: leveldb.BytewiseComparator
2020/11/30-19:03:48.353750 106ee8e00           Options.merge_operator: None
2020/11/30-19:03:48.353751 106ee8e00        Options.compaction_filter: None
2020/11/30-19:03:48.353752 106ee8e00        Options.compaction_filter_factory: None
2020/11/30-19:03:48.353753 106ee8e00         Options.memtable_factory: SkipListFactory
2020/11/30-19:03:48.353754 106ee8e00            Options.table_factory: BlockBasedTable
2020/11/30-19:03:48.353771 106ee8e00            table_factory options:   flush_block_policy_factory: FlushBlockBySizePolicyFactory (0x7fee2bc1e070)
  cache_index_and_filter_blocks: 0
  cache_index_and_filter_blocks_with_high_priority: 1
  pin_l0_filter_and_index_blocks_in_cache: 0
  pin_top_level_index_and_filter: 1
  index_type: 0
  data_block_index_type: 0
  index_shortening: 1
  data_block_hash_table_util_ratio: 0.750000
  hash_index_allow_collision: 1
  checksum: 1
  no_block_cache: 0
  block_cache: 0x7fee2bc1d0b8
  block_cache_name: LRUCache
  block_cache_options:
    capacity : 8388608
    num_shard_bits : 4
    strict_capacity_limit : 0
    memory_allocator : None
    high_pri_pool_ratio: 0.000
  block_cache_compressed: 0x0
  persistent_cache: 0x0
  block_size: 4096
  block_size_deviation: 10
  block_restart_interval: 16
  index_block_restart_interval: 1
  metadata_block_size: 4096
  partition_filters: 0
  use_delta_encoding: 1
  filter_policy: nullptr
  whole_key_filtering: 1
  verify_compression: 0
  read_amp_bytes_per_bit: 0
  format_version: 4
  enable_index_compression: 1
  block_align: 0
2020/11/30-19:03:48.353775 106ee8e00        Options.write_buffer_size: 67108864
2020/11/30-19:03:48.353776 106ee8e00  Options.max_write_buffer_number: 2
2020/11/30-19:03:48.353777 106ee8e00          Options.compression: NoCompression
2020/11/30-19:03:48.353777 106ee8e00                  Options.bottommost_compression: Disabled
2020/11/30-19:03:48.353778 106ee8e00       Options.prefix_extractor: nullptr
2020/11/30-19:03:48.353779 106ee8e00   Options.memtable_insert_with_hint_prefix_extractor: nullptr
2020/11/30-19:03:48.353780 106ee8e00             Options.num_levels: 7
2020/11/30-19:03:48.353781 106ee8e00        Options.min_write_buffer_number_to_merge: 1
2020/11/30-19:03:48.353782 106ee8e00     Options.max_write_buffer_number_to_maintain: 0
2020/11/30-19:03:48.353783 106ee8e00     Options.max_write_buffer_size_to_maintain: 0
2020/11/30-19:03:48.353784 106ee8e00            Options.bottommost_compression_opts.window_bits: -14
2020/11/30-19:03:48.353785 106ee8e00                  Options.bottommost_compression_opts.level: 32767
2020/11/30-19:03:48.353786 106ee8e00               Options.bottommost_compression_opts.strategy: 0
2020/11/30-19:03:48.353787 106ee8e00         Options.bottommost_compression_opts.max_dict_bytes: 0
2020/11/30-19:03:48.353788 106ee8e00         Options.bottommost_compression_opts.zstd_max_train_bytes: 0
2020/11/30-19:03:48.353789 106ee8e00         Options.bottommost_compression_opts.parallel_threads: 1
2020/11/30-19:03:48.353790 106ee8e00                  Options.bottommost_compression_opts.enabled: false
2020/11/30-19:03:48.353791 106ee8e00            Options.compression_opts.window_bits: -14
2020/11/30-19:03:48.353792 106ee8e00                  Options.compression_opts.level: 32767
2020/11/30-19:03:48.353793 106ee8e00               Options.compression_opts.strategy: 0
2020/11/30-19:03:48.353793 106ee8e00         Options.compression_opts.max_dict_bytes: 0
2020/11/30-19:03:48.353794 106ee8e00         Options.compression_opts.zstd_max_train_bytes: 0
2020/11/30-19:03:48.353795 106ee8e00         Options.compression_opts.parallel_threads: 1
2020/11/30-19:03:48.353796 106ee8e00                  Options.compression_opts.enabled: false
2020/11/30-19:03:48.353797 106ee8e00      Options.level0_file_num_compaction_trigger: 4
2020/11/30-19:03:48.353798 106ee8e00          Options.level0_slowdown_writes_trigger: 20
2020/11/30-19:03:48.353816 106ee8e00              Options.level0_stop_writes_trigger: 36
2020/11/30-19:03:48.353817 106ee8e00                   Options.target_file_size_base: 67108864
2020/11/30-19:03:48.353818 106ee8e00             Options.target_file_size_multiplier: 1
2020/11/30-19:03:48.353819 106ee8e00                Options.max_bytes_for_level_base: 268435456
2020/11/30-19:03:48.353820 106ee8e00 Options.level_compaction_dynamic_level_bytes: 0
2020/11/30-19:03:48.353821 106ee8e00          Options.max_bytes_for_level_multiplier: 10.000000
2020/11/30-19:03:48.353822 106ee8e00 Options.max_bytes_for_level_multiplier_addtl[0]: 1
2020/11/30-19:03:48.353823 106ee8e00 Options.max_bytes_for_level_multiplier_addtl[1]: 1
2020/11/30-19:03:48.353824 106ee8e00 Options.max_bytes_for_level_multiplier_addtl[2]: 1
2020/11/30-19:03:48.353825 106ee8e00 Options.max_bytes_for_level_multiplier_addtl[3]: 1
2020/11/30-19:03:48.353826 106ee8e00 Options.max_bytes_for_level_multiplier_addtl[4]: 1
2020/11/30-19:03:48.353827 106ee8e00 Options.max_bytes_for_level_multiplier_addtl[5]: 1
2020/11/30-19:03:48.353828 106ee8e00 Options.max_bytes_for_level_multiplier_addtl[6]: 1
2020/11/30-19:03:48.353829 106ee8e00       Options.max_sequential_skip_in_iterations: 8
2020/11/30-19:03:48.353830 106ee8e00                    Options.max_compaction_bytes: 1677721600
2020/11/30-19:03:48.353831 106ee8e00                        Options.arena_block_size: 8388608
2020/11/30-19:03:48.353832 106ee8e00   Options.soft_pending_compaction_bytes_limit: 68719476736
2020/11/30-19:03:48.353833 106ee8e00   Options.hard_pending_compaction_bytes_limit: 274877906944
2020/11/30-19:03:48.353834 106ee8e00       Options.rate_limit_delay_max_milliseconds: 100
2020/11/30-19:03:48.353835 106ee8e00                Options.disable_auto_compactions: 0
2020/11/30-19:03:48.353836 106ee8e00                        Options.compaction_style: kCompactionStyleLevel
2020/11/30-19:03:48.353837 106ee8e00                          Options.compaction_pri: kMinOverlappingRatio
2020/11/30-19:03:48.353838 106ee8e00 Options.compaction_options_universal.size_ratio: 1
2020/11/30-19:03:48.353839 106ee8e00 Options.compaction_options_universal.min_merge_width: 2
2020/11/30-19:03:48.353839 106ee8e00 Options.compaction_options_universal.max_merge_width: 4294967295
2020/11/30-19:03:48.353840 106ee8e00 Options.compaction_options_universal.max_size_amplification_percent: 200
2020/11/30-19:03:48.353841 106ee8e00 Options.compaction_options_universal.compression_size_percent: -1
2020/11/30-19:03:48.353843 106ee8e00 Options.compaction_options_universal.stop_style: kCompactionStopStyleTotalSize
2020/11/30-19:03:48.353844 106ee8e00 Options.compaction_options_fifo.max_table_files_size: 1073741824
2020/11/30-19:03:48.353845 106ee8e00 Options.compaction_options_fifo.allow_compaction: 0
2020/11/30-19:03:48.353849 106ee8e00                   Options.table_properties_collectors: 
2020/11/30-19:03:48.353850 106ee8e00                   Options.inplace_update_support: 0
2020/11/30-19:03:48.353851 106ee8e00                 Options.inplace_update_num_locks: 10000
2020/11/30-19:03:48.353852 106ee8e00               Options.memtable_prefix_bloom_size_ratio: 0.000000
2020/11/30-19:03:48.353853 106ee8e00               Options.memtable_whole_key_filtering: 0
2020/11/30-19:03:48.353854 106ee8e00   Options.memtable_huge_page_size: 0
2020/11/30-19:03:48.353855 106ee8e00                           Options.bloom_locality: 0
2020/11/30-19:03:48.353856 106ee8e00                    Options.max_successive_merges: 0
2020/11/30-19:03:48.353856 106ee8e00                Options.optimize_filters_for_hits: 0
2020/11/30-19:03:48.353857 106ee8e00                Options.paranoid_file_checks: 0
2020/11/30-19:03:48.353858 106ee8e00                Options.force_consistency_checks: 0
2020/11/30-19:03:48.353859 106ee8e00                Options.report_bg_io_stats: 0
2020/11/30-19:03:48.353860 106ee8e00                               Options.ttl: 2592000
2020/11/30-19:03:48.353861 106ee8e00          Options.periodic_compaction_seconds: 0
2020/11/30-19:03:48.353963 106ee8e00 [db/column_family.cc:579] --------------- Options for column family [message_id_to_message]:
2020/11/30-19:03:48.353966 106ee8e00               Options.comparator: leveldb.BytewiseComparator
2020/11/30-19:03:48.353967 106ee8e00           Options.merge_operator: None
2020/11/30-19:03:48.353968 106ee8e00        Options.compaction_filter: None
2020/11/30-19:03:48.353969 106ee8e00        Options.compaction_filter_factory: None
2020/11/30-19:03:48.353970 106ee8e00         Options.memtable_factory: SkipListFactory
2020/11/30-19:03:48.353970 106ee8e00            Options.table_factory: BlockBasedTable
2020/11/30-19:03:48.353985 106ee8e00            table_factory options:   flush_block_policy_factory: FlushBlockBySizePolicyFactory (0x7fee2bc17290)
  cache_index_and_filter_blocks: 0
  cache_index_and_filter_blocks_with_high_priority: 1
  pin_l0_filter_and_index_blocks_in_cache: 0
  pin_top_level_index_and_filter: 1
  index_type: 0
  data_block_index_type: 0
  index_shortening: 1
  data_block_hash_table_util_ratio: 0.750000
  hash_index_allow_collision: 1
  checksum: 1
  no_block_cache: 0
  block_cache: 0x7fee2bc172d8
  block_cache_name: LRUCache
  block_cache_options:
    capacity : 8388608
    num_shard_bits : 4
    strict_capacity_limit : 0
    memory_allocator : None
    high_pri_pool_ratio: 0.000
  block_cache_compressed: 0x0
  persistent_cache: 0x0
  block_size: 4096
  block_size_deviation: 10
  block_restart_interval: 16
  index_block_restart_interval: 1
  metadata_block_size: 4096
  partition_filters: 0
  use_delta_encoding: 1
  filter_policy: nullptr
  whole_key_filtering: 1
  verify_compression: 0
  read_amp_bytes_per_bit: 0
  format_version: 4
  enable_index_compression: 1
  block_align: 0
2020/11/30-19:03:48.353987 106ee8e00        Options.write_buffer_size: 67108864
2020/11/30-19:03:48.353988 106ee8e00  Options.max_write_buffer_number: 2
2020/11/30-19:03:48.353989 106ee8e00          Options.compression: NoCompression
2020/11/30-19:03:48.353990 106ee8e00                  Options.bottommost_compression: Disabled
2020/11/30-19:03:48.353991 106ee8e00       Options.prefix_extractor: nullptr
2020/11/30-19:03:48.353992 106ee8e00   Options.memtable_insert_with_hint_prefix_extractor: nullptr
2020/11/30-19:03:48.353992 106ee8e00             Options.num_levels: 7
2020/11/30-19:03:48.353993 106ee8e00        Options.min_write_buffer_number_to_merge: 1
2020/11/30-19:03:48.353994 106ee8e00     Options.max_write_buffer_number_to_maintain: 0
2020/11/30-19:03:48.353995 106ee8e00     Options.max_write_buffer_size_to_maintain: 0
2020/11/30-19:03:48.353996 106ee8e00            Options.bottommost_compression_opts.window_bits: -14
2020/11/30-19:03:48.353997 106ee8e00                  Options.bottommost_compression_opts.level: 32767
2020/11/30-19:03:48.353998 106ee8e00               Options.bottommost_compression_opts.strategy: 0
2020/11/30-19:03:48.353999 106ee8e00         Options.bottommost_compression_opts.max_dict_bytes: 0
2020/11/30-19:03:48.354000 106ee8e00         Options.bottommost_compression_opts.zstd_max_train_bytes: 0
2020/11/30-19:03:48.354001 106ee8e00         Options.bottommost_compression_opts.parallel_threads: 1
2020/11/30-19:03:48.354002 106ee8e00                  Options.bottommost_compression_opts.enabled: false
2020/11/30-19:03:48.354003 106ee8e00            Options.compression_opts.window_bits: -14
2020/11/30-19:03:48.354004 106ee8e00                  Options.compression_opts.level: 32767
2020/11/30-19:03:48.354004 106ee8e00               Options.compression_opts.strategy: 0
2020/11/30-19:03:48.354005 106ee8e00         Options.compression_opts.max_dict_bytes: 0
2020/11/30-19:03:48.354006 106ee8e00         Options.compression_opts.zstd_max_train_bytes: 0
2020/11/30-19:03:48.354007 106ee8e00         Options.compression_opts.parallel_threads: 1
2020/11/30-19:03:48.354008 106ee8e00                  Options.compression_opts.enabled: false
2020/11/30-19:03:48.354009 106ee8e00      Options.level0_file_num_compaction_trigger: 4
2020/11/30-19:03:48.354010 106ee8e00          Options.level0_slowdown_writes_trigger: 20
2020/11/30-19:03:48.354027 106ee8e00              Options.level0_stop_writes_trigger: 36
2020/11/30-19:03:48.354028 106ee8e00                   Options.target_file_size_base: 67108864
2020/11/30-19:03:48.354029 106ee8e00             Options.target_file_size_multiplier: 1
2020/11/30-19:03:48.354030 106ee8e00                Options.max_bytes_for_level_base: 268435456
2020/11/30-19:03:48.354031 106ee8e00 Options.level_compaction_dynamic_level_bytes: 0
2020/11/30-19:03:48.354032 106ee8e00          Options.max_bytes_for_level_multiplier: 10.000000
2020/11/30-19:03:48.354033 106ee8e00 Options.max_bytes_for_level_multiplier_addtl[0]: 1
2020/11/30-19:03:48.354034 106ee8e00 Options.max_bytes_for_level_multiplier_addtl[1]: 1
2020/11/30-19:03:48.354035 106ee8e00 Options.max_bytes_for_level_multiplier_addtl[2]: 1
2020/11/30-19:03:48.354036 106ee8e00 Options.max_bytes_for_level_multiplier_addtl[3]: 1
2020/11/30-19:03:48.354037 106ee8e00 Options.max_bytes_for_level_multiplier_addtl[4]: 1
2020/11/30-19:03:48.354038 106ee8e00 Options.max_bytes_for_level_multiplier_addtl[5]: 1
2020/11/30-19:03:48.354039 106ee8e00 Options.max_bytes_for_level_multiplier_addtl[6]: 1
2020/11/30-19:03:48.354040 106ee8e00       Options.max_sequential_skip_in_iterations: 8
2020/11/30-19:03:48.354040 106ee8e00                    Options.max_compaction_bytes: 1677721600
2020/11/30-19:03:48.354041 106ee8e00                        Options.arena_block_size: 8388608
2020/11/30-19:03:48.354042 106ee8e00   Options.soft_pending_compaction_bytes_limit: 68719476736
2020/11/30-19:03:48.354043 106ee8e00   Options.hard_pending_compaction_bytes_limit: 274877906944
2020/11/30-19:03:48.354044 106ee8e00       Options.rate_limit_delay_max_milliseconds: 100
2020/11/30-19:03:48.354045 106ee8e00                Options.disable_auto_compactions: 0
2020/11/30-19:03:48.354046 106ee8e00                        Options.compaction_style: kCompactionStyleLevel
2020/11/30-19:03:48.354047 106ee8e00                          Options.compaction_pri: kMinOverlappingRatio
2020/11/30-19:03:48.354048 106ee8e00 Options.compaction_options_universal.size_ratio: 1
2020/11/30-19:03:48.354049 106ee8e00 Options.compaction_options_universal.min_merge_width: 2
2020/11/30-19:03:48.354050 106ee8e00 Options.compaction_options_universal.max_merge_width: 4294967295
2020/11/30-19:03:48.354051 106ee8e00 Options.compaction_options_universal.max_size_amplification_percent: 200
2020/11/30-19:03:48.354052 106ee8e00 Options.compaction_options_universal.compression_size_percent: -1
2020/11/30-19:03:48.354053 106ee8e00 Options.compaction_options_universal.stop_style: kCompactionStopStyleTotalSize
2020/11/30-19:03:48.354054 106ee8e00 Options.compaction_options_fifo.max_table_files_size: 1073741824
2020/11/30-19:03:48.354055 106ee8e00 Options.compaction_options_fifo.allow_compaction: 0
2020/11/30-19:03:48.354056 106ee8e00                   Options.table_properties_collectors: 
2020/11/30-19:03:48.354057 106ee8e00                   Options.inplace_update_support: 0
2020/11/30-19:03:48.354058 106ee8e00                 Options.inplace_update_num_locks: 10000
2020/11/30-19:03:48.354059 106ee8e00               Options.memtable_prefix_bloom_size_ratio: 0.000000
2020/11/30-19:03:48.354060 106ee8e00               Options.memtable_whole_key_filtering: 0
2020/11/30-19:03:48.354061 106ee8e00   Options.memtable_huge_page_size: 0
2020/11/30-19:03:48.354062 106ee8e00                           Options.bloom_locality: 0
2020/11/30-19:03:48.354062 106ee8e00                    Options.max_successive_merges: 0
2020/11/30-19:03:48.354063 106ee8e00                Options.optimize_filters_for_hits: 0
2020/11/30-19:03:48.354064 106ee8e00                Options.paranoid_file_checks: 0
2020/11/30-19:03:48.354065 106ee8e00                Options.force_consistency_checks: 0
2020/11/30-19:03:48.354066 106ee8e00                Options.report_bg_io_stats: 0
2020/11/30-19:03:48.354067 106ee8e00                               Options.ttl: 2592000
2020/11/30-19:03:48.354068 106ee8e00          Options.periodic_compaction_seconds: 0
2020/11/30-19:03:48.354113 106ee8e00 [db/column_family.cc:579] --------------- Options for column family [message_id_to_message_id]:
2020/11/30-19:03:48.354115 106ee8e00               Options.comparator: leveldb.BytewiseComparator
2020/11/30-19:03:48.354116 106ee8e00           Options.merge_operator: None
2020/11/30-19:03:48.354117 106ee8e00        Options.compaction_filter: None
2020/11/30-19:03:48.354118 106ee8e00        Options.compaction_filter_factory: None
2020/11/30-19:03:48.354119 106ee8e00         Options.memtable_factory: SkipListFactory
2020/11/30-19:03:48.354120 106ee8e00            Options.table_factory: BlockBasedTable
2020/11/30-19:03:48.354132 106ee8e00            table_factory options:   flush_block_policy_factory: FlushBlockBySizePolicyFactory (0x7fee2bc189c0)
  cache_index_and_filter_blocks: 0
  cache_index_and_filter_blocks_with_high_priority: 1
  pin_l0_filter_and_index_blocks_in_cache: 0
  pin_top_level_index_and_filter: 1
  index_type: 0
  data_block_index_type: 0
  index_shortening: 1
  data_block_hash_table_util_ratio: 0.750000
  hash_index_allow_collision: 1
  checksum: 1
  no_block_cache: 0
  block_cache: 0x7fee2bc18a08
  block_cache_name: LRUCache
  block_cache_options:
    capacity : 8388608
    num_shard_bits : 4
    strict_capacity_limit : 0
    memory_allocator : None
    high_pri_pool_ratio: 0.000
  block_cache_compressed: 0x0
  persistent_cache: 0x0
  block_size: 4096
  block_size_deviation: 10
  block_restart_interval: 16
  index_block_restart_interval: 1
  metadata_block_size: 4096
  partition_filters: 0
  use_delta_encoding: 1
  filter_policy: nullptr
  whole_key_filtering: 1
  verify_compression: 0
  read_amp_bytes_per_bit: 0
  format_version: 4
  enable_index_compression: 1
  block_align: 0
2020/11/30-19:03:48.354133 106ee8e00        Options.write_buffer_size: 67108864
2020/11/30-19:03:48.354134 106ee8e00  Options.max_write_buffer_number: 2
2020/11/30-19:03:48.354135 106ee8e00          Options.compression: NoCompression
2020/11/30-19:03:48.354136 106ee8e00                  Options.bottommost_compression: Disabled
2020/11/30-19:03:48.354137 106ee8e00       Options.prefix_extractor: rocksdb.FixedPrefix.32
2020/11/30-19:03:48.354138 106ee8e00   Options.memtable_insert_with_hint_prefix_extractor: nullptr
2020/11/30-19:03:48.354139 106ee8e00             Options.num_levels: 7
2020/11/30-19:03:48.354140 106ee8e00        Options.min_write_buffer_number_to_merge: 1
2020/11/30-19:03:48.354141 106ee8e00     Options.max_write_buffer_number_to_maintain: 0
2020/11/30-19:03:48.354141 106ee8e00     Options.max_write_buffer_size_to_maintain: 0
2020/11/30-19:03:48.354142 106ee8e00            Options.bottommost_compression_opts.window_bits: -14
2020/11/30-19:03:48.354143 106ee8e00                  Options.bottommost_compression_opts.level: 32767
2020/11/30-19:03:48.354144 106ee8e00               Options.bottommost_compression_opts.strategy: 0
2020/11/30-19:03:48.354145 106ee8e00         Options.bottommost_compression_opts.max_dict_bytes: 0
2020/11/30-19:03:48.354146 106ee8e00         Options.bottommost_compression_opts.zstd_max_train_bytes: 0
2020/11/30-19:03:48.354147 106ee8e00         Options.bottommost_compression_opts.parallel_threads: 1
2020/11/30-19:03:48.354148 106ee8e00                  Options.bottommost_compression_opts.enabled: false
2020/11/30-19:03:48.354149 106ee8e00            Options.compression_opts.window_bits: -14
2020/11/30-19:03:48.354150 106ee8e00                  Options.compression_opts.level: 32767
2020/11/30-19:03:48.354151 106ee8e00               Options.compression_opts.strategy: 0
2020/11/30-19:03:48.354152 106ee8e00         Options.compression_opts.max_dict_bytes: 0
2020/11/30-19:03:48.354153 106ee8e00         Options.compression_opts.zstd_max_train_bytes: 0
2020/11/30-19:03:48.354153 106ee8e00         Options.compression_opts.parallel_threads: 1
2020/11/30-19:03:48.354154 106ee8e00                  Options.compression_opts.enabled: false
2020/11/30-19:03:48.354155 106ee8e00      Options.level0_file_num_compaction_trigger: 4
2020/11/30-19:03:48.354156 106ee8e00          Options.level0_slowdown_writes_trigger: 20
2020/11/30-19:03:48.354172 106ee8e00              Options.level0_stop_writes_trigger: 36
2020/11/30-19:03:48.354173 106ee8e00                   Options.target_file_size_base: 67108864
2020/11/30-19:03:48.354174 106ee8e00             Options.target_file_size_multiplier: 1
2020/11/30-19:03:48.354175 106ee8e00                Options.max_bytes_for_level_base: 268435456
2020/11/30-19:03:48.354176 106ee8e00 Options.level_compaction_dynamic_level_bytes: 0
2020/11/30-19:03:48.354177 106ee8e00          Options.max_bytes_for_level_multiplier: 10.000000
2020/11/30-19:03:48.354178 106ee8e00 Options.max_bytes_for_level_multiplier_addtl[0]: 1
2020/11/30-19:03:48.354179 106ee8e00 Options.max_bytes_for_level_multiplier_addtl[1]: 1
2020/11/30-19:03:48.354180 106ee8e00 Options.max_bytes_for_level_multiplier_addtl[2]: 1
2020/11/30-19:03:48.354181 106ee8e00 Options.max_bytes_for_level_multiplier_addtl[3]: 1
2020/11/30-19:03:48.354182 106ee8e00 Options.max_bytes_for_level_multiplier_addtl[4]: 1
2020/11/30-19:03:48.354183 106ee8e00 Options.max_bytes_for_level_multiplier_addtl[5]: 1
2020/11/30-19:03:48.354184 106ee8e00 Options.max_bytes_for_level_multiplier_addtl[6]: 1
2020/11/30-19:03:48.354185 106ee8e00       Options.max_sequential_skip_in_iterations: 8
2020/11/30-19:03:48.354186 106ee8e00                    Options.max_compaction_bytes: 1677721600
2020/11/30-19:03:48.354187 106ee8e00                        Options.arena_block_size: 8388608
2020/11/30-19:03:48.354188 106ee8e00   Options.soft_pending_compaction_bytes_limit: 68719476736
2020/11/30-19:03:48.354189 106ee8e00   Options.hard_pending_compaction_bytes_limit: 274877906944
2020/11/30-19:03:48.354189 106ee8e00       Options.rate_limit_delay_max_milliseconds: 100
2020/11/30-19:03:48.354190 106ee8e00                Options.disable_auto_compactions: 0
2020/11/30-19:03:48.354191 106ee8e00                        Options.compaction_style: kCompactionStyleLevel
2020/11/30-19:03:48.354192 106ee8e00                          Options.compaction_pri: kMinOverlappingRatio
2020/11/30-19:03:48.354193 106ee8e00 Options.compaction_options_universal.size_ratio: 1
2020/11/30-19:03:48.354194 106ee8e00 Options.compaction_options_universal.min_merge_width: 2
2020/11/30-19:03:48.354195 106ee8e00 Options.compaction_options_universal.max_merge_width: 4294967295
2020/11/30-19:03:48.354196 106ee8e00 Options.compaction_options_universal.max_size_amplification_percent: 200
2020/11/30-19:03:48.354197 106ee8e00 Options.compaction_options_universal.compression_size_percent: -1
2020/11/30-19:03:48.354198 106ee8e00 Options.compaction_options_universal.stop_style: kCompactionStopStyleTotalSize
2020/11/30-19:03:48.354199 106ee8e00 Options.compaction_options_fifo.max_table_files_size: 1073741824
2020/11/30-19:03:48.354200 106ee8e00 Options.compaction_options_fifo.allow_compaction: 0
2020/11/30-19:03:48.354201 106ee8e00                   Options.table_properties_collectors: 
2020/11/30-19:03:48.354202 106ee8e00                   Options.inplace_update_support: 0
2020/11/30-19:03:48.354203 106ee8e00                 Options.inplace_update_num_locks: 10000
2020/11/30-19:03:48.354204 106ee8e00               Options.memtable_prefix_bloom_size_ratio: 0.000000
2020/11/30-19:03:48.354205 106ee8e00               Options.memtable_whole_key_filtering: 0
2020/11/30-19:03:48.354206 106ee8e00   Options.memtable_huge_page_size: 0
2020/11/30-19:03:48.354207 106ee8e00                           Options.bloom_locality: 0
2020/11/30-19:03:48.354207 106ee8e00                    Options.max_successive_merges: 0
2020/11/30-19:03:48.354208 106ee8e00                Options.optimize_filters_for_hits: 0
2020/11/30-19:03:48.354209 106ee8e00                Options.paranoid_file_checks: 0
2020/11/30-19:03:48.354210 106ee8e00                Options.force_consistency_checks: 0
2020/11/30-19:03:48.354211 106ee8e00                Options.report_bg_io_stats: 0
2020/11/30-19:03:48.354212 106ee8e00                               Options.ttl: 2592000
2020/11/30-19:03:48.354213 106ee8e00          Options.periodic_compaction_seconds: 0
2020/11/30-19:03:48.354257 106ee8e00 [db/column_family.cc:579] --------------- Options for column family [index_to_message_id]:
2020/11/30-19:03:48.354259 106ee8e00               Options.comparator: leveldb.BytewiseComparator
2020/11/30-19:03:48.354260 106ee8e00           Options.merge_operator: None
2020/11/30-19:03:48.354261 106ee8e00        Options.compaction_filter: None
2020/11/30-19:03:48.354262 106ee8e00        Options.compaction_filter_factory: None
2020/11/30-19:03:48.354263 106ee8e00         Options.memtable_factory: SkipListFactory
2020/11/30-19:03:48.354264 106ee8e00            Options.table_factory: BlockBasedTable
2020/11/30-19:03:48.354278 106ee8e00            table_factory options:   flush_block_policy_factory: FlushBlockBySizePolicyFactory (0x7fee2bc195b0)
  cache_index_and_filter_blocks: 0
  cache_index_and_filter_blocks_with_high_priority: 1
  pin_l0_filter_and_index_blocks_in_cache: 0
  pin_top_level_index_and_filter: 1
  index_type: 0
  data_block_index_type: 0
  index_shortening: 1
  data_block_hash_table_util_ratio: 0.750000
  hash_index_allow_collision: 1
  checksum: 1
  no_block_cache: 0
  block_cache: 0x7fee2bc195f8
  block_cache_name: LRUCache
  block_cache_options:
    capacity : 8388608
    num_shard_bits : 4
    strict_capacity_limit : 0
    memory_allocator : None
    high_pri_pool_ratio: 0.000
  block_cache_compressed: 0x0
  persistent_cache: 0x0
  block_size: 4096
  block_size_deviation: 10
  block_restart_interval: 16
  index_block_restart_interval: 1
  metadata_block_size: 4096
  partition_filters: 0
  use_delta_encoding: 1
  filter_policy: nullptr
  whole_key_filtering: 1
  verify_compression: 0
  read_amp_bytes_per_bit: 0
  format_version: 4
  enable_index_compression: 1
  block_align: 0
2020/11/30-19:03:48.354280 106ee8e00        Options.write_buffer_size: 67108864
2020/11/30-19:03:48.354281 106ee8e00  Options.max_write_buffer_number: 2
2020/11/30-19:03:48.354282 106ee8e00          Options.compression: NoCompression
2020/11/30-19:03:48.354284 106ee8e00                  Options.bottommost_compression: Disabled
2020/11/30-19:03:48.354285 106ee8e00       Options.prefix_extractor: rocksdb.FixedPrefix.32
2020/11/30-19:03:48.354287 106ee8e00   Options.memtable_insert_with_hint_prefix_extractor: nullptr
2020/11/30-19:03:48.354288 106ee8e00             Options.num_levels: 7
2020/11/30-19:03:48.354289 106ee8e00        Options.min_write_buffer_number_to_merge: 1
2020/11/30-19:03:48.354290 106ee8e00     Options.max_write_buffer_number_to_maintain: 0
2020/11/30-19:03:48.354292 106ee8e00     Options.max_write_buffer_size_to_maintain: 0
2020/11/30-19:03:48.354293 106ee8e00            Options.bottommost_compression_opts.window_bits: -14
2020/11/30-19:03:48.354295 106ee8e00                  Options.bottommost_compression_opts.level: 32767
2020/11/30-19:03:48.354296 106ee8e00               Options.bottommost_compression_opts.strategy: 0
2020/11/30-19:03:48.354297 106ee8e00         Options.bottommost_compression_opts.max_dict_bytes: 0
2020/11/30-19:03:48.354299 106ee8e00         Options.bottommost_compression_opts.zstd_max_train_bytes: 0
2020/11/30-19:03:48.354300 106ee8e00         Options.bottommost_compression_opts.parallel_threads: 1
2020/11/30-19:03:48.354301 106ee8e00                  Options.bottommost_compression_opts.enabled: false
2020/11/30-19:03:48.354303 106ee8e00            Options.compression_opts.window_bits: -14
2020/11/30-19:03:48.354304 106ee8e00                  Options.compression_opts.level: 32767
2020/11/30-19:03:48.354306 106ee8e00               Options.compression_opts.strategy: 0
2020/11/30-19:03:48.354307 106ee8e00         Options.compression_opts.max_dict_bytes: 0
2020/11/30-19:03:48.354309 106ee8e00         Options.compression_opts.zstd_max_train_bytes: 0
2020/11/30-19:03:48.354310 106ee8e00         Options.compression_opts.parallel_threads: 1
2020/11/30-19:03:48.354311 106ee8e00                  Options.compression_opts.enabled: false
2020/11/30-19:03:48.354313 106ee8e00      Options.level0_file_num_compaction_trigger: 4
2020/11/30-19:03:48.354336 106ee8e00          Options.level0_slowdown_writes_trigger: 20
2020/11/30-19:03:48.354338 106ee8e00              Options.level0_stop_writes_trigger: 36
2020/11/30-19:03:48.354339 106ee8e00                   Options.target_file_size_base: 67108864
2020/11/30-19:03:48.354340 106ee8e00             Options.target_file_size_multiplier: 1
2020/11/30-19:03:48.354341 106ee8e00                Options.max_bytes_for_level_base: 268435456
2020/11/30-19:03:48.354342 106ee8e00 Options.level_compaction_dynamic_level_bytes: 0
2020/11/30-19:03:48.354343 106ee8e00          Options.max_bytes_for_level_multiplier: 10.000000
2020/11/30-19:03:48.354344 106ee8e00 Options.max_bytes_for_level_multiplier_addtl[0]: 1
2020/11/30-19:03:48.354345 106ee8e00 Options.max_bytes_for_level_multiplier_addtl[1]: 1
2020/11/30-19:03:48.354346 106ee8e00 Options.max_bytes_for_level_multiplier_addtl[2]: 1
2020/11/30-19:03:48.354347 106ee8e00 Options.max_bytes_for_level_multiplier_addtl[3]: 1
2020/11/30-19:03:48.354348 106ee8e00 Options.max_bytes_for_level_multiplier_addtl[4]: 1
2020/11/30-19:03:48.354349 106ee8e00 Options.max_bytes_for_level_multiplier_addtl[5]: 1
2020/11/30-19:03:48.354349 106ee8e00 Options.max_bytes_for_level_multiplier_addtl[6]: 1
2020/11/30-19:03:48.354350 106ee8e00       Options.max_sequential_skip_in_iterations: 8
2020/11/30-19:03:48.354351 106ee8e00                    Options.max_compaction_bytes: 1677721600
2020/11/30-19:03:48.354352 106ee8e00                        Options.arena_block_size: 8388608
2020/11/30-19:03:48.354353 106ee8e00   Options.soft_pending_compaction_bytes_limit: 68719476736
2020/11/30-19:03:48.354354 106ee8e00   Options.hard_pending_compaction_bytes_limit: 274877906944
2020/11/30-19:03:48.354355 106ee8e00       Options.rate_limit_delay_max_milliseconds: 100
2020/11/30-19:03:48.354356 106ee8e00                Options.disable_auto_compactions: 0
2020/11/30-19:03:48.354357 106ee8e00                        Options.compaction_style: kCompactionStyleLevel
2020/11/30-19:03:48.354358 106ee8e00                          Options.compaction_pri: kMinOverlappingRatio
2020/11/30-19:03:48.354360 106ee8e00 Options.compaction_options_universal.size_ratio: 1
2020/11/30-19:03:48.354361 106ee8e00 Options.compaction_options_universal.min_merge_width: 2
2020/11/30-19:03:48.354363 106ee8e00 Options.compaction_options_universal.max_merge_width: 4294967295
2020/11/30-19:03:48.354364 106ee8e00 Options.compaction_options_universal.max_size_amplification_percent: 200
2020/11/30-19:03:48.354366 106ee8e00 Options.compaction_options_universal.compression_size_percent: -1
2020/11/30-19:03:48.354368 106ee8e00 Options.compaction_options_universal.stop_style: kCompactionStopStyleTotalSize
2020/11/30-19:03:48.354370 106ee8e00 Options.compaction_options_fifo.max_table_files_size: 1073741824
2020/11/30-19:03:48.354371 106ee8e00 Options.compaction_options_fifo.allow_compaction: 0
2020/11/30-19:03:48.354373 106ee8e00                   Options.table_properties_collectors: 
