2020/11/30-19:31:19.397402 10fba4e00 RocksDB version: 6.11.4
2020/11/30-19:31:19.397455 10fba4e00 Git sha rocksdb_build_git_sha:@48bfca38f6f175435052a59791922a1a453d9609@
2020/11/30-19:31:19.397459 10fba4e00 Compile date Nov 30 2020
2020/11/30-19:31:19.397461 10fba4e00 DB SUMMARY
2020/11/30-19:31:19.397811 10fba4e00 CURRENT file:  CURRENT
2020/11/30-19:31:19.397813 10fba4e00 IDENTITY file:  IDENTITY
2020/11/30-19:31:19.397823 10fba4e00 MANIFEST file:  MANIFEST-000766 size: 825 Bytes
2020/11/30-19:31:19.397825 10fba4e00 SST files in ./database/alphanet dir, Total Num: 0, files: 
2020/11/30-19:31:19.397826 10fba4e00 Write Ahead Log file in ./database/alphanet: 000767.log size: 0 ; 
2020/11/30-19:31:19.397850 10fba4e00                         Options.error_if_exists: 0
2020/11/30-19:31:19.397851 10fba4e00                       Options.create_if_missing: 1
2020/11/30-19:31:19.397852 10fba4e00                         Options.paranoid_checks: 1
2020/11/30-19:31:19.397853 10fba4e00                                     Options.env: 0x1088964b8
2020/11/30-19:31:19.397854 10fba4e00                                      Options.fs: Posix File System
2020/11/30-19:31:19.397855 10fba4e00                                Options.info_log: 0x7ff54051ab10
2020/11/30-19:31:19.397856 10fba4e00                Options.max_file_opening_threads: 16
2020/11/30-19:31:19.397857 10fba4e00                              Options.statistics: 0x7ff540519968
2020/11/30-19:31:19.397858 10fba4e00                               Options.use_fsync: 0
2020/11/30-19:31:19.397859 10fba4e00                       Options.max_log_file_size: 0
2020/11/30-19:31:19.397860 10fba4e00                  Options.max_manifest_file_size: 1073741824
2020/11/30-19:31:19.397861 10fba4e00                   Options.log_file_time_to_roll: 0
2020/11/30-19:31:19.397862 10fba4e00                       Options.keep_log_file_num: 1000
2020/11/30-19:31:19.397863 10fba4e00                    Options.recycle_log_file_num: 0
2020/11/30-19:31:19.397864 10fba4e00                         Options.allow_fallocate: 1
2020/11/30-19:31:19.397865 10fba4e00                        Options.allow_mmap_reads: 0
2020/11/30-19:31:19.397866 10fba4e00                       Options.allow_mmap_writes: 0
2020/11/30-19:31:19.397866 10fba4e00                        Options.use_direct_reads: 0
2020/11/30-19:31:19.397867 10fba4e00                        Options.use_direct_io_for_flush_and_compaction: 0
2020/11/30-19:31:19.397868 10fba4e00          Options.create_missing_column_families: 1
2020/11/30-19:31:19.397869 10fba4e00                              Options.db_log_dir: 
2020/11/30-19:31:19.397870 10fba4e00                                 Options.wal_dir: ./database/alphanet
2020/11/30-19:31:19.397871 10fba4e00                Options.table_cache_numshardbits: 6
2020/11/30-19:31:19.397872 10fba4e00                      Options.max_subcompactions: 1
2020/11/30-19:31:19.397873 10fba4e00                         Options.WAL_ttl_seconds: 0
2020/11/30-19:31:19.397874 10fba4e00                       Options.WAL_size_limit_MB: 0
2020/11/30-19:31:19.397874 10fba4e00                        Options.max_write_batch_group_size_bytes: 1048576
2020/11/30-19:31:19.397875 10fba4e00             Options.manifest_preallocation_size: 4194304
2020/11/30-19:31:19.397876 10fba4e00                     Options.is_fd_close_on_exec: 1
2020/11/30-19:31:19.397877 10fba4e00                   Options.advise_random_on_open: 1
2020/11/30-19:31:19.397878 10fba4e00                    Options.db_write_buffer_size: 0
2020/11/30-19:31:19.397879 10fba4e00                    Options.write_buffer_manager: 0x7ff54051aa80
2020/11/30-19:31:19.397880 10fba4e00         Options.access_hint_on_compaction_start: 1
2020/11/30-19:31:19.397881 10fba4e00  Options.new_table_reader_for_compaction_inputs: 0
2020/11/30-19:31:19.397882 10fba4e00           Options.random_access_max_buffer_size: 1048576
2020/11/30-19:31:19.397882 10fba4e00                      Options.use_adaptive_mutex: 0
2020/11/30-19:31:19.397883 10fba4e00                            Options.rate_limiter: 0x0
2020/11/30-19:31:19.397884 10fba4e00     Options.sst_file_manager.rate_bytes_per_sec: 0
2020/11/30-19:31:19.397907 10fba4e00                       Options.wal_recovery_mode: 2
2020/11/30-19:31:19.397909 10fba4e00                  Options.enable_thread_tracking: 0
2020/11/30-19:31:19.397910 10fba4e00                  Options.enable_pipelined_write: 0
2020/11/30-19:31:19.397911 10fba4e00                  Options.unordered_write: 0
2020/11/30-19:31:19.397911 10fba4e00         Options.allow_concurrent_memtable_write: 1
2020/11/30-19:31:19.397912 10fba4e00      Options.enable_write_thread_adaptive_yield: 1
2020/11/30-19:31:19.397913 10fba4e00             Options.write_thread_max_yield_usec: 100
2020/11/30-19:31:19.397914 10fba4e00            Options.write_thread_slow_yield_usec: 3
2020/11/30-19:31:19.397915 10fba4e00                               Options.row_cache: None
2020/11/30-19:31:19.397916 10fba4e00                              Options.wal_filter: None
2020/11/30-19:31:19.397919 10fba4e00             Options.avoid_flush_during_recovery: 0
2020/11/30-19:31:19.397920 10fba4e00             Options.allow_ingest_behind: 0
2020/11/30-19:31:19.397921 10fba4e00             Options.preserve_deletes: 0
2020/11/30-19:31:19.397922 10fba4e00             Options.two_write_queues: 0
2020/11/30-19:31:19.397922 10fba4e00             Options.manual_wal_flush: 0
2020/11/30-19:31:19.397923 10fba4e00             Options.atomic_flush: 1
2020/11/30-19:31:19.397924 10fba4e00             Options.avoid_unnecessary_blocking_io: 0
2020/11/30-19:31:19.397925 10fba4e00                 Options.persist_stats_to_disk: 0
2020/11/30-19:31:19.397926 10fba4e00                 Options.write_dbid_to_manifest: 0
2020/11/30-19:31:19.397927 10fba4e00                 Options.log_readahead_size: 0
2020/11/30-19:31:19.397928 10fba4e00                 Options.file_checksum_gen_factory: Unknown
2020/11/30-19:31:19.397930 10fba4e00                 Options.best_efforts_recovery: 0
2020/11/30-19:31:19.397931 10fba4e00             Options.max_background_jobs: 12
2020/11/30-19:31:19.397932 10fba4e00             Options.max_background_compactions: -1
2020/11/30-19:31:19.397933 10fba4e00             Options.avoid_flush_during_shutdown: 0
2020/11/30-19:31:19.397934 10fba4e00           Options.writable_file_max_buffer_size: 1048576
2020/11/30-19:31:19.397935 10fba4e00             Options.delayed_write_rate : 16777216
2020/11/30-19:31:19.397936 10fba4e00             Options.max_total_wal_size: 0
2020/11/30-19:31:19.397937 10fba4e00             Options.delete_obsolete_files_period_micros: 21600000000
2020/11/30-19:31:19.397938 10fba4e00                   Options.stats_dump_period_sec: 600
2020/11/30-19:31:19.397939 10fba4e00                 Options.stats_persist_period_sec: 600
2020/11/30-19:31:19.397940 10fba4e00                 Options.stats_history_buffer_size: 1048576
2020/11/30-19:31:19.397941 10fba4e00                          Options.max_open_files: -1
2020/11/30-19:31:19.397942 10fba4e00                          Options.bytes_per_sync: 0
2020/11/30-19:31:19.397943 10fba4e00                      Options.wal_bytes_per_sync: 0
2020/11/30-19:31:19.397944 10fba4e00                   Options.strict_bytes_per_sync: 0
2020/11/30-19:31:19.397945 10fba4e00       Options.compaction_readahead_size: 0
2020/11/30-19:31:19.397946 10fba4e00                  Options.max_background_flushes: -1
2020/11/30-19:31:19.397946 10fba4e00 Compression algorithms supported:
2020/11/30-19:31:19.397948 10fba4e00 	kZSTD supported: 0
2020/11/30-19:31:19.397949 10fba4e00 	kZlibCompression supported: 0
2020/11/30-19:31:19.397950 10fba4e00 	kXpressCompression supported: 0
2020/11/30-19:31:19.397951 10fba4e00 	kSnappyCompression supported: 0
2020/11/30-19:31:19.397951 10fba4e00 	kZSTDNotFinalCompression supported: 0
2020/11/30-19:31:19.397952 10fba4e00 	kLZ4HCCompression supported: 0
2020/11/30-19:31:19.397953 10fba4e00 	kLZ4Compression supported: 0
2020/11/30-19:31:19.397954 10fba4e00 	kBZip2Compression supported: 0
2020/11/30-19:31:19.397957 10fba4e00 Fast CRC32 supported: Supported on x86
2020/11/30-19:31:19.398100 10fba4e00 [db/version_set.cc:4555] Recovering from manifest file: ./database/alphanet/MANIFEST-000766
2020/11/30-19:31:19.398166 10fba4e00 [db/column_family.cc:579] --------------- Options for column family [default]:
2020/11/30-19:31:19.398171 10fba4e00               Options.comparator: leveldb.BytewiseComparator
2020/11/30-19:31:19.398173 10fba4e00           Options.merge_operator: None
2020/11/30-19:31:19.398174 10fba4e00        Options.compaction_filter: None
2020/11/30-19:31:19.398175 10fba4e00        Options.compaction_filter_factory: None
2020/11/30-19:31:19.398175 10fba4e00         Options.memtable_factory: SkipListFactory
2020/11/30-19:31:19.398176 10fba4e00            Options.table_factory: BlockBasedTable
2020/11/30-19:31:19.398195 10fba4e00            table_factory options:   flush_block_policy_factory: FlushBlockBySizePolicyFactory (0x7ff5405191a0)
  cache_index_and_filter_blocks: 0
  cache_index_and_filter_blocks_with_high_priority: 1
  pin_l0_filter_and_index_blocks_in_cache: 0
  pin_top_level_index_and_filter: 1
  index_type: 0
  data_block_index_type: 0
  index_shortening: 1
  data_block_hash_table_util_ratio: 0.750000
  hash_index_allow_collision: 1
  checksum: 1
  no_block_cache: 0
  block_cache: 0x7ff5405191e8
  block_cache_name: LRUCache
  block_cache_options:
    capacity : 8388608
    num_shard_bits : 4
    strict_capacity_limit : 0
    memory_allocator : None
    high_pri_pool_ratio: 0.000
  block_cache_compressed: 0x0
  persistent_cache: 0x0
  block_size: 4096
  block_size_deviation: 10
  block_restart_interval: 16
  index_block_restart_interval: 1
  metadata_block_size: 4096
  partition_filters: 0
  use_delta_encoding: 1
  filter_policy: nullptr
  whole_key_filtering: 1
  verify_compression: 0
  read_amp_bytes_per_bit: 0
  format_version: 4
  enable_index_compression: 1
  block_align: 0
2020/11/30-19:31:19.398199 10fba4e00        Options.write_buffer_size: 67108864
2020/11/30-19:31:19.398200 10fba4e00  Options.max_write_buffer_number: 2
2020/11/30-19:31:19.398201 10fba4e00          Options.compression: NoCompression
2020/11/30-19:31:19.398202 10fba4e00                  Options.bottommost_compression: Disabled
2020/11/30-19:31:19.398203 10fba4e00       Options.prefix_extractor: nullptr
2020/11/30-19:31:19.398204 10fba4e00   Options.memtable_insert_with_hint_prefix_extractor: nullptr
2020/11/30-19:31:19.398205 10fba4e00             Options.num_levels: 7
2020/11/30-19:31:19.398206 10fba4e00        Options.min_write_buffer_number_to_merge: 1
2020/11/30-19:31:19.398207 10fba4e00     Options.max_write_buffer_number_to_maintain: 0
2020/11/30-19:31:19.398208 10fba4e00     Options.max_write_buffer_size_to_maintain: 0
2020/11/30-19:31:19.398209 10fba4e00            Options.bottommost_compression_opts.window_bits: -14
2020/11/30-19:31:19.398210 10fba4e00                  Options.bottommost_compression_opts.level: 32767
2020/11/30-19:31:19.398211 10fba4e00               Options.bottommost_compression_opts.strategy: 0
2020/11/30-19:31:19.398211 10fba4e00         Options.bottommost_compression_opts.max_dict_bytes: 0
2020/11/30-19:31:19.398212 10fba4e00         Options.bottommost_compression_opts.zstd_max_train_bytes: 0
2020/11/30-19:31:19.398213 10fba4e00         Options.bottommost_compression_opts.parallel_threads: 1
2020/11/30-19:31:19.398214 10fba4e00                  Options.bottommost_compression_opts.enabled: false
2020/11/30-19:31:19.398215 10fba4e00            Options.compression_opts.window_bits: -14
2020/11/30-19:31:19.398216 10fba4e00                  Options.compression_opts.level: 32767
2020/11/30-19:31:19.398217 10fba4e00               Options.compression_opts.strategy: 0
2020/11/30-19:31:19.398218 10fba4e00         Options.compression_opts.max_dict_bytes: 0
2020/11/30-19:31:19.398219 10fba4e00         Options.compression_opts.zstd_max_train_bytes: 0
2020/11/30-19:31:19.398220 10fba4e00         Options.compression_opts.parallel_threads: 1
2020/11/30-19:31:19.398221 10fba4e00                  Options.compression_opts.enabled: false
2020/11/30-19:31:19.398222 10fba4e00      Options.level0_file_num_compaction_trigger: 4
2020/11/30-19:31:19.398222 10fba4e00          Options.level0_slowdown_writes_trigger: 20
2020/11/30-19:31:19.398240 10fba4e00              Options.level0_stop_writes_trigger: 36
2020/11/30-19:31:19.398241 10fba4e00                   Options.target_file_size_base: 67108864
2020/11/30-19:31:19.398242 10fba4e00             Options.target_file_size_multiplier: 1
2020/11/30-19:31:19.398243 10fba4e00                Options.max_bytes_for_level_base: 268435456
2020/11/30-19:31:19.398244 10fba4e00 Options.level_compaction_dynamic_level_bytes: 0
2020/11/30-19:31:19.398245 10fba4e00          Options.max_bytes_for_level_multiplier: 10.000000
2020/11/30-19:31:19.398246 10fba4e00 Options.max_bytes_for_level_multiplier_addtl[0]: 1
2020/11/30-19:31:19.398247 10fba4e00 Options.max_bytes_for_level_multiplier_addtl[1]: 1
2020/11/30-19:31:19.398248 10fba4e00 Options.max_bytes_for_level_multiplier_addtl[2]: 1
2020/11/30-19:31:19.398249 10fba4e00 Options.max_bytes_for_level_multiplier_addtl[3]: 1
2020/11/30-19:31:19.398250 10fba4e00 Options.max_bytes_for_level_multiplier_addtl[4]: 1
2020/11/30-19:31:19.398251 10fba4e00 Options.max_bytes_for_level_multiplier_addtl[5]: 1
2020/11/30-19:31:19.398252 10fba4e00 Options.max_bytes_for_level_multiplier_addtl[6]: 1
2020/11/30-19:31:19.398253 10fba4e00       Options.max_sequential_skip_in_iterations: 8
2020/11/30-19:31:19.398254 10fba4e00                    Options.max_compaction_bytes: 1677721600
2020/11/30-19:31:19.398255 10fba4e00                        Options.arena_block_size: 8388608
2020/11/30-19:31:19.398256 10fba4e00   Options.soft_pending_compaction_bytes_limit: 68719476736
2020/11/30-19:31:19.398257 10fba4e00   Options.hard_pending_compaction_bytes_limit: 274877906944
2020/11/30-19:31:19.398257 10fba4e00       Options.rate_limit_delay_max_milliseconds: 100
2020/11/30-19:31:19.398258 10fba4e00                Options.disable_auto_compactions: 0
2020/11/30-19:31:19.398259 10fba4e00                        Options.compaction_style: kCompactionStyleLevel
2020/11/30-19:31:19.398260 10fba4e00                          Options.compaction_pri: kMinOverlappingRatio
2020/11/30-19:31:19.398261 10fba4e00 Options.compaction_options_universal.size_ratio: 1
2020/11/30-19:31:19.398262 10fba4e00 Options.compaction_options_universal.min_merge_width: 2
2020/11/30-19:31:19.398263 10fba4e00 Options.compaction_options_universal.max_merge_width: 4294967295
2020/11/30-19:31:19.398264 10fba4e00 Options.compaction_options_universal.max_size_amplification_percent: 200
2020/11/30-19:31:19.398265 10fba4e00 Options.compaction_options_universal.compression_size_percent: -1
2020/11/30-19:31:19.398266 10fba4e00 Options.compaction_options_universal.stop_style: kCompactionStopStyleTotalSize
2020/11/30-19:31:19.398267 10fba4e00 Options.compaction_options_fifo.max_table_files_size: 1073741824
2020/11/30-19:31:19.398268 10fba4e00 Options.compaction_options_fifo.allow_compaction: 0
2020/11/30-19:31:19.398274 10fba4e00                   Options.table_properties_collectors: 
2020/11/30-19:31:19.398276 10fba4e00                   Options.inplace_update_support: 0
2020/11/30-19:31:19.398276 10fba4e00                 Options.inplace_update_num_locks: 10000
2020/11/30-19:31:19.398277 10fba4e00               Options.memtable_prefix_bloom_size_ratio: 0.000000
2020/11/30-19:31:19.398278 10fba4e00               Options.memtable_whole_key_filtering: 0
2020/11/30-19:31:19.398279 10fba4e00   Options.memtable_huge_page_size: 0
2020/11/30-19:31:19.398280 10fba4e00                           Options.bloom_locality: 0
2020/11/30-19:31:19.398281 10fba4e00                    Options.max_successive_merges: 0
2020/11/30-19:31:19.398282 10fba4e00                Options.optimize_filters_for_hits: 0
2020/11/30-19:31:19.398283 10fba4e00                Options.paranoid_file_checks: 0
2020/11/30-19:31:19.398284 10fba4e00                Options.force_consistency_checks: 0
2020/11/30-19:31:19.398285 10fba4e00                Options.report_bg_io_stats: 0
2020/11/30-19:31:19.398286 10fba4e00                               Options.ttl: 2592000
2020/11/30-19:31:19.398287 10fba4e00          Options.periodic_compaction_seconds: 0
2020/11/30-19:31:19.398388 10fba4e00 [db/column_family.cc:579] --------------- Options for column family [message_id_to_message]:
2020/11/30-19:31:19.398390 10fba4e00               Options.comparator: leveldb.BytewiseComparator
2020/11/30-19:31:19.398391 10fba4e00           Options.merge_operator: None
2020/11/30-19:31:19.398392 10fba4e00        Options.compaction_filter: None
2020/11/30-19:31:19.398393 10fba4e00        Options.compaction_filter_factory: None
2020/11/30-19:31:19.398394 10fba4e00         Options.memtable_factory: SkipListFactory
2020/11/30-19:31:19.398395 10fba4e00            Options.table_factory: BlockBasedTable
2020/11/30-19:31:19.398410 10fba4e00            table_factory options:   flush_block_policy_factory: FlushBlockBySizePolicyFactory (0x7ff540512520)
  cache_index_and_filter_blocks: 0
  cache_index_and_filter_blocks_with_high_priority: 1
  pin_l0_filter_and_index_blocks_in_cache: 0
  pin_top_level_index_and_filter: 1
  index_type: 0
  data_block_index_type: 0
  index_shortening: 1
  data_block_hash_table_util_ratio: 0.750000
  hash_index_allow_collision: 1
  checksum: 1
  no_block_cache: 0
  block_cache: 0x7ff5405134a8
  block_cache_name: LRUCache
  block_cache_options:
    capacity : 8388608
    num_shard_bits : 4
    strict_capacity_limit : 0
    memory_allocator : None
    high_pri_pool_ratio: 0.000
  block_cache_compressed: 0x0
  persistent_cache: 0x0
  block_size: 4096
  block_size_deviation: 10
  block_restart_interval: 16
  index_block_restart_interval: 1
  metadata_block_size: 4096
  partition_filters: 0
  use_delta_encoding: 1
  filter_policy: nullptr
  whole_key_filtering: 1
  verify_compression: 0
  read_amp_bytes_per_bit: 0
  format_version: 4
  enable_index_compression: 1
  block_align: 0
2020/11/30-19:31:19.398411 10fba4e00        Options.write_buffer_size: 67108864
2020/11/30-19:31:19.398412 10fba4e00  Options.max_write_buffer_number: 2
2020/11/30-19:31:19.398413 10fba4e00          Options.compression: NoCompression
2020/11/30-19:31:19.398414 10fba4e00                  Options.bottommost_compression: Disabled
2020/11/30-19:31:19.398415 10fba4e00       Options.prefix_extractor: nullptr
2020/11/30-19:31:19.398416 10fba4e00   Options.memtable_insert_with_hint_prefix_extractor: nullptr
2020/11/30-19:31:19.398417 10fba4e00             Options.num_levels: 7
2020/11/30-19:31:19.398418 10fba4e00        Options.min_write_buffer_number_to_merge: 1
2020/11/30-19:31:19.398419 10fba4e00     Options.max_write_buffer_number_to_maintain: 0
2020/11/30-19:31:19.398419 10fba4e00     Options.max_write_buffer_size_to_maintain: 0
2020/11/30-19:31:19.398420 10fba4e00            Options.bottommost_compression_opts.window_bits: -14
2020/11/30-19:31:19.398421 10fba4e00                  Options.bottommost_compression_opts.level: 32767
2020/11/30-19:31:19.398422 10fba4e00               Options.bottommost_compression_opts.strategy: 0
2020/11/30-19:31:19.398423 10fba4e00         Options.bottommost_compression_opts.max_dict_bytes: 0
2020/11/30-19:31:19.398424 10fba4e00         Options.bottommost_compression_opts.zstd_max_train_bytes: 0
2020/11/30-19:31:19.398425 10fba4e00         Options.bottommost_compression_opts.parallel_threads: 1
2020/11/30-19:31:19.398426 10fba4e00                  Options.bottommost_compression_opts.enabled: false
2020/11/30-19:31:19.398427 10fba4e00            Options.compression_opts.window_bits: -14
2020/11/30-19:31:19.398428 10fba4e00                  Options.compression_opts.level: 32767
2020/11/30-19:31:19.398429 10fba4e00               Options.compression_opts.strategy: 0
2020/11/30-19:31:19.398430 10fba4e00         Options.compression_opts.max_dict_bytes: 0
2020/11/30-19:31:19.398430 10fba4e00         Options.compression_opts.zstd_max_train_bytes: 0
2020/11/30-19:31:19.398431 10fba4e00         Options.compression_opts.parallel_threads: 1
2020/11/30-19:31:19.398432 10fba4e00                  Options.compression_opts.enabled: false
2020/11/30-19:31:19.398433 10fba4e00      Options.level0_file_num_compaction_trigger: 4
2020/11/30-19:31:19.398434 10fba4e00          Options.level0_slowdown_writes_trigger: 20
2020/11/30-19:31:19.398451 10fba4e00              Options.level0_stop_writes_trigger: 36
2020/11/30-19:31:19.398452 10fba4e00                   Options.target_file_size_base: 67108864
2020/11/30-19:31:19.398453 10fba4e00             Options.target_file_size_multiplier: 1
2020/11/30-19:31:19.398454 10fba4e00                Options.max_bytes_for_level_base: 268435456
2020/11/30-19:31:19.398455 10fba4e00 Options.level_compaction_dynamic_level_bytes: 0
2020/11/30-19:31:19.398456 10fba4e00          Options.max_bytes_for_level_multiplier: 10.000000
2020/11/30-19:31:19.398457 10fba4e00 Options.max_bytes_for_level_multiplier_addtl[0]: 1
2020/11/30-19:31:19.398458 10fba4e00 Options.max_bytes_for_level_multiplier_addtl[1]: 1
2020/11/30-19:31:19.398459 10fba4e00 Options.max_bytes_for_level_multiplier_addtl[2]: 1
2020/11/30-19:31:19.398460 10fba4e00 Options.max_bytes_for_level_multiplier_addtl[3]: 1
2020/11/30-19:31:19.398461 10fba4e00 Options.max_bytes_for_level_multiplier_addtl[4]: 1
2020/11/30-19:31:19.398462 10fba4e00 Options.max_bytes_for_level_multiplier_addtl[5]: 1
2020/11/30-19:31:19.398462 10fba4e00 Options.max_bytes_for_level_multiplier_addtl[6]: 1
2020/11/30-19:31:19.398463 10fba4e00       Options.max_sequential_skip_in_iterations: 8
2020/11/30-19:31:19.398464 10fba4e00                    Options.max_compaction_bytes: 1677721600
2020/11/30-19:31:19.398465 10fba4e00                        Options.arena_block_size: 8388608
2020/11/30-19:31:19.398466 10fba4e00   Options.soft_pending_compaction_bytes_limit: 68719476736
2020/11/30-19:31:19.398467 10fba4e00   Options.hard_pending_compaction_bytes_limit: 274877906944
2020/11/30-19:31:19.398468 10fba4e00       Options.rate_limit_delay_max_milliseconds: 100
2020/11/30-19:31:19.398469 10fba4e00                Options.disable_auto_compactions: 0
2020/11/30-19:31:19.398470 10fba4e00                        Options.compaction_style: kCompactionStyleLevel
2020/11/30-19:31:19.398471 10fba4e00                          Options.compaction_pri: kMinOverlappingRatio
2020/11/30-19:31:19.398472 10fba4e00 Options.compaction_options_universal.size_ratio: 1
2020/11/30-19:31:19.398473 10fba4e00 Options.compaction_options_universal.min_merge_width: 2
2020/11/30-19:31:19.398474 10fba4e00 Options.compaction_options_universal.max_merge_width: 4294967295
2020/11/30-19:31:19.398475 10fba4e00 Options.compaction_options_universal.max_size_amplification_percent: 200
2020/11/30-19:31:19.398476 10fba4e00 Options.compaction_options_universal.compression_size_percent: -1
2020/11/30-19:31:19.398477 10fba4e00 Options.compaction_options_universal.stop_style: kCompactionStopStyleTotalSize
2020/11/30-19:31:19.398478 10fba4e00 Options.compaction_options_fifo.max_table_files_size: 1073741824
2020/11/30-19:31:19.398479 10fba4e00 Options.compaction_options_fifo.allow_compaction: 0
2020/11/30-19:31:19.398480 10fba4e00                   Options.table_properties_collectors: 
2020/11/30-19:31:19.398481 10fba4e00                   Options.inplace_update_support: 0
2020/11/30-19:31:19.398482 10fba4e00                 Options.inplace_update_num_locks: 10000
2020/11/30-19:31:19.398482 10fba4e00               Options.memtable_prefix_bloom_size_ratio: 0.000000
2020/11/30-19:31:19.398483 10fba4e00               Options.memtable_whole_key_filtering: 0
2020/11/30-19:31:19.398484 10fba4e00   Options.memtable_huge_page_size: 0
2020/11/30-19:31:19.398485 10fba4e00                           Options.bloom_locality: 0
2020/11/30-19:31:19.398486 10fba4e00                    Options.max_successive_merges: 0
2020/11/30-19:31:19.398487 10fba4e00                Options.optimize_filters_for_hits: 0
2020/11/30-19:31:19.398488 10fba4e00                Options.paranoid_file_checks: 0
2020/11/30-19:31:19.398489 10fba4e00                Options.force_consistency_checks: 0
2020/11/30-19:31:19.398490 10fba4e00                Options.report_bg_io_stats: 0
2020/11/30-19:31:19.398491 10fba4e00                               Options.ttl: 2592000
2020/11/30-19:31:19.398492 10fba4e00          Options.periodic_compaction_seconds: 0
2020/11/30-19:31:19.398535 10fba4e00 [db/column_family.cc:579] --------------- Options for column family [message_id_to_message_id]:
2020/11/30-19:31:19.398537 10fba4e00               Options.comparator: leveldb.BytewiseComparator
2020/11/30-19:31:19.398538 10fba4e00           Options.merge_operator: None
2020/11/30-19:31:19.398539 10fba4e00        Options.compaction_filter: None
2020/11/30-19:31:19.398540 10fba4e00        Options.compaction_filter_factory: None
2020/11/30-19:31:19.398541 10fba4e00         Options.memtable_factory: SkipListFactory
2020/11/30-19:31:19.398542 10fba4e00            Options.table_factory: BlockBasedTable
2020/11/30-19:31:19.398551 10fba4e00            table_factory options:   flush_block_policy_factory: FlushBlockBySizePolicyFactory (0x7ff540514ae0)
  cache_index_and_filter_blocks: 0
  cache_index_and_filter_blocks_with_high_priority: 1
  pin_l0_filter_and_index_blocks_in_cache: 0
  pin_top_level_index_and_filter: 1
  index_type: 0
  data_block_index_type: 0
  index_shortening: 1
  data_block_hash_table_util_ratio: 0.750000
  hash_index_allow_collision: 1
  checksum: 1
  no_block_cache: 0
  block_cache: 0x7ff540514b28
  block_cache_name: LRUCache
  block_cache_options:
    capacity : 8388608
    num_shard_bits : 4
    strict_capacity_limit : 0
    memory_allocator : None
    high_pri_pool_ratio: 0.000
  block_cache_compressed: 0x0
  persistent_cache: 0x0
  block_size: 4096
  block_size_deviation: 10
  block_restart_interval: 16
  index_block_restart_interval: 1
  metadata_block_size: 4096
  partition_filters: 0
  use_delta_encoding: 1
  filter_policy: nullptr
  whole_key_filtering: 1
  verify_compression: 0
  read_amp_bytes_per_bit: 0
  format_version: 4
  enable_index_compression: 1
  block_align: 0
2020/11/30-19:31:19.398552 10fba4e00        Options.write_buffer_size: 67108864
2020/11/30-19:31:19.398553 10fba4e00  Options.max_write_buffer_number: 2
2020/11/30-19:31:19.398554 10fba4e00          Options.compression: NoCompression
2020/11/30-19:31:19.398555 10fba4e00                  Options.bottommost_compression: Disabled
2020/11/30-19:31:19.398556 10fba4e00       Options.prefix_extractor: rocksdb.FixedPrefix.32
2020/11/30-19:31:19.398557 10fba4e00   Options.memtable_insert_with_hint_prefix_extractor: nullptr
2020/11/30-19:31:19.398558 10fba4e00             Options.num_levels: 7
2020/11/30-19:31:19.398559 10fba4e00        Options.min_write_buffer_number_to_merge: 1
2020/11/30-19:31:19.398560 10fba4e00     Options.max_write_buffer_number_to_maintain: 0
2020/11/30-19:31:19.398561 10fba4e00     Options.max_write_buffer_size_to_maintain: 0
2020/11/30-19:31:19.398562 10fba4e00            Options.bottommost_compression_opts.window_bits: -14
2020/11/30-19:31:19.398563 10fba4e00                  Options.bottommost_compression_opts.level: 32767
2020/11/30-19:31:19.398563 10fba4e00               Options.bottommost_compression_opts.strategy: 0
2020/11/30-19:31:19.398564 10fba4e00         Options.bottommost_compression_opts.max_dict_bytes: 0
2020/11/30-19:31:19.398565 10fba4e00         Options.bottommost_compression_opts.zstd_max_train_bytes: 0
2020/11/30-19:31:19.398566 10fba4e00         Options.bottommost_compression_opts.parallel_threads: 1
2020/11/30-19:31:19.398567 10fba4e00                  Options.bottommost_compression_opts.enabled: false
2020/11/30-19:31:19.398568 10fba4e00            Options.compression_opts.window_bits: -14
2020/11/30-19:31:19.398569 10fba4e00                  Options.compression_opts.level: 32767
2020/11/30-19:31:19.398570 10fba4e00               Options.compression_opts.strategy: 0
2020/11/30-19:31:19.398571 10fba4e00         Options.compression_opts.max_dict_bytes: 0
2020/11/30-19:31:19.398572 10fba4e00         Options.compression_opts.zstd_max_train_bytes: 0
2020/11/30-19:31:19.398572 10fba4e00         Options.compression_opts.parallel_threads: 1
2020/11/30-19:31:19.398573 10fba4e00                  Options.compression_opts.enabled: false
2020/11/30-19:31:19.398574 10fba4e00      Options.level0_file_num_compaction_trigger: 4
2020/11/30-19:31:19.398575 10fba4e00          Options.level0_slowdown_writes_trigger: 20
2020/11/30-19:31:19.398591 10fba4e00              Options.level0_stop_writes_trigger: 36
2020/11/30-19:31:19.398593 10fba4e00                   Options.target_file_size_base: 67108864
2020/11/30-19:31:19.398594 10fba4e00             Options.target_file_size_multiplier: 1
2020/11/30-19:31:19.398594 10fba4e00                Options.max_bytes_for_level_base: 268435456
2020/11/30-19:31:19.398595 10fba4e00 Options.level_compaction_dynamic_level_bytes: 0
2020/11/30-19:31:19.398596 10fba4e00          Options.max_bytes_for_level_multiplier: 10.000000
2020/11/30-19:31:19.398597 10fba4e00 Options.max_bytes_for_level_multiplier_addtl[0]: 1
2020/11/30-19:31:19.398598 10fba4e00 Options.max_bytes_for_level_multiplier_addtl[1]: 1
2020/11/30-19:31:19.398599 10fba4e00 Options.max_bytes_for_level_multiplier_addtl[2]: 1
2020/11/30-19:31:19.398600 10fba4e00 Options.max_bytes_for_level_multiplier_addtl[3]: 1
2020/11/30-19:31:19.398601 10fba4e00 Options.max_bytes_for_level_multiplier_addtl[4]: 1
2020/11/30-19:31:19.398602 10fba4e00 Options.max_bytes_for_level_multiplier_addtl[5]: 1
2020/11/30-19:31:19.398603 10fba4e00 Options.max_bytes_for_level_multiplier_addtl[6]: 1
2020/11/30-19:31:19.398604 10fba4e00       Options.max_sequential_skip_in_iterations: 8
2020/11/30-19:31:19.398605 10fba4e00                    Options.max_compaction_bytes: 1677721600
2020/11/30-19:31:19.398606 10fba4e00                        Options.arena_block_size: 8388608
2020/11/30-19:31:19.398607 10fba4e00   Options.soft_pending_compaction_bytes_limit: 68719476736
2020/11/30-19:31:19.398608 10fba4e00   Options.hard_pending_compaction_bytes_limit: 274877906944
2020/11/30-19:31:19.398608 10fba4e00       Options.rate_limit_delay_max_milliseconds: 100
2020/11/30-19:31:19.398609 10fba4e00                Options.disable_auto_compactions: 0
2020/11/30-19:31:19.398610 10fba4e00                        Options.compaction_style: kCompactionStyleLevel
2020/11/30-19:31:19.398611 10fba4e00                          Options.compaction_pri: kMinOverlappingRatio
2020/11/30-19:31:19.398612 10fba4e00 Options.compaction_options_universal.size_ratio: 1
2020/11/30-19:31:19.398613 10fba4e00 Options.compaction_options_universal.min_merge_width: 2
2020/11/30-19:31:19.398614 10fba4e00 Options.compaction_options_universal.max_merge_width: 4294967295
2020/11/30-19:31:19.398615 10fba4e00 Options.compaction_options_universal.max_size_amplification_percent: 200
2020/11/30-19:31:19.398616 10fba4e00 Options.compaction_options_universal.compression_size_percent: -1
2020/11/30-19:31:19.398617 10fba4e00 Options.compaction_options_universal.stop_style: kCompactionStopStyleTotalSize
2020/11/30-19:31:19.398618 10fba4e00 Options.compaction_options_fifo.max_table_files_size: 1073741824
2020/11/30-19:31:19.398619 10fba4e00 Options.compaction_options_fifo.allow_compaction: 0
2020/11/30-19:31:19.398620 10fba4e00                   Options.table_properties_collectors: 
2020/11/30-19:31:19.398621 10fba4e00                   Options.inplace_update_support: 0
2020/11/30-19:31:19.398622 10fba4e00                 Options.inplace_update_num_locks: 10000
2020/11/30-19:31:19.398623 10fba4e00               Options.memtable_prefix_bloom_size_ratio: 0.000000
2020/11/30-19:31:19.398624 10fba4e00               Options.memtable_whole_key_filtering: 0
2020/11/30-19:31:19.398625 10fba4e00   Options.memtable_huge_page_size: 0
2020/11/30-19:31:19.398625 10fba4e00                           Options.bloom_locality: 0
2020/11/30-19:31:19.398626 10fba4e00                    Options.max_successive_merges: 0
2020/11/30-19:31:19.398627 10fba4e00                Options.optimize_filters_for_hits: 0
2020/11/30-19:31:19.398628 10fba4e00                Options.paranoid_file_checks: 0
2020/11/30-19:31:19.398629 10fba4e00                Options.force_consistency_checks: 0
2020/11/30-19:31:19.398630 10fba4e00                Options.report_bg_io_stats: 0
2020/11/30-19:31:19.398631 10fba4e00                               Options.ttl: 2592000
2020/11/30-19:31:19.398632 10fba4e00          Options.periodic_compaction_seconds: 0
2020/11/30-19:31:19.398678 10fba4e00 [db/column_family.cc:579] --------------- Options for column family [index_to_message_id]:
2020/11/30-19:31:19.398680 10fba4e00               Options.comparator: leveldb.BytewiseComparator
2020/11/30-19:31:19.398681 10fba4e00           Options.merge_operator: None
2020/11/30-19:31:19.398682 10fba4e00        Options.compaction_filter: None
2020/11/30-19:31:19.398683 10fba4e00        Options.compaction_filter_factory: None
2020/11/30-19:31:19.398684 10fba4e00         Options.memtable_factory: SkipListFactory
2020/11/30-19:31:19.398685 10fba4e00            Options.table_factory: BlockBasedTable
2020/11/30-19:31:19.398699 10fba4e00            table_factory options:   flush_block_policy_factory: FlushBlockBySizePolicyFactory (0x7ff5405156d0)
  cache_index_and_filter_blocks: 0
  cache_index_and_filter_blocks_with_high_priority: 1
  pin_l0_filter_and_index_blocks_in_cache: 0
  pin_top_level_index_and_filter: 1
  index_type: 0
  data_block_index_type: 0
  index_shortening: 1
  data_block_hash_table_util_ratio: 0.750000
  hash_index_allow_collision: 1
  checksum: 1
  no_block_cache: 0
  block_cache: 0x7ff540515718
  block_cache_name: LRUCache
  block_cache_options:
    capacity : 8388608
    num_shard_bits : 4
    strict_capacity_limit : 0
    memory_allocator : None
    high_pri_pool_ratio: 0.000
  block_cache_compressed: 0x0
  persistent_cache: 0x0
  block_size: 4096
  block_size_deviation: 10
  block_restart_interval: 16
  index_block_restart_interval: 1
  metadata_block_size: 4096
  partition_filters: 0
  use_delta_encoding: 1
  filter_policy: nullptr
  whole_key_filtering: 1
  verify_compression: 0
  read_amp_bytes_per_bit: 0
  format_version: 4
  enable_index_compression: 1
  block_align: 0
2020/11/30-19:31:19.398700 10fba4e00        Options.write_buffer_size: 67108864
2020/11/30-19:31:19.398701 10fba4e00  Options.max_write_buffer_number: 2
2020/11/30-19:31:19.398702 10fba4e00          Options.compression: NoCompression
2020/11/30-19:31:19.398703 10fba4e00                  Options.bottommost_compression: Disabled
2020/11/30-19:31:19.398704 10fba4e00       Options.prefix_extractor: rocksdb.FixedPrefix.32
2020/11/30-19:31:19.398705 10fba4e00   Options.memtable_insert_with_hint_prefix_extractor: nullptr
2020/11/30-19:31:19.398706 10fba4e00             Options.num_levels: 7
2020/11/30-19:31:19.398706 10fba4e00        Options.min_write_buffer_number_to_merge: 1
2020/11/30-19:31:19.398707 10fba4e00     Options.max_write_buffer_number_to_maintain: 0
2020/11/30-19:31:19.398708 10fba4e00     Options.max_write_buffer_size_to_maintain: 0
2020/11/30-19:31:19.398709 10fba4e00            Options.bottommost_compression_opts.window_bits: -14
2020/11/30-19:31:19.398710 10fba4e00                  Options.bottommost_compression_opts.level: 32767
2020/11/30-19:31:19.398711 10fba4e00               Options.bottommost_compression_opts.strategy: 0
2020/11/30-19:31:19.398712 10fba4e00         Options.bottommost_compression_opts.max_dict_bytes: 0
2020/11/30-19:31:19.398713 10fba4e00         Options.bottommost_compression_opts.zstd_max_train_bytes: 0
2020/11/30-19:31:19.398714 10fba4e00         Options.bottommost_compression_opts.parallel_threads: 1
2020/11/30-19:31:19.398715 10fba4e00                  Options.bottommost_compression_opts.enabled: false
2020/11/30-19:31:19.398716 10fba4e00            Options.compression_opts.window_bits: -14
2020/11/30-19:31:19.398717 10fba4e00                  Options.compression_opts.level: 32767
2020/11/30-19:31:19.398717 10fba4e00               Options.compression_opts.strategy: 0
2020/11/30-19:31:19.398718 10fba4e00         Options.compression_opts.max_dict_bytes: 0
2020/11/30-19:31:19.398719 10fba4e00         Options.compression_opts.zstd_max_train_bytes: 0
2020/11/30-19:31:19.398720 10fba4e00         Options.compression_opts.parallel_threads: 1
2020/11/30-19:31:19.398721 10fba4e00                  Options.compression_opts.enabled: false
2020/11/30-19:31:19.398722 10fba4e00      Options.level0_file_num_compaction_trigger: 4
2020/11/30-19:31:19.398738 10fba4e00          Options.level0_slowdown_writes_trigger: 20
2020/11/30-19:31:19.398739 10fba4e00              Options.level0_stop_writes_trigger: 36
2020/11/30-19:31:19.398740 10fba4e00                   Options.target_file_size_base: 67108864
2020/11/30-19:31:19.398741 10fba4e00             Options.target_file_size_multiplier: 1
2020/11/30-19:31:19.398742 10fba4e00                Options.max_bytes_for_level_base: 268435456
2020/11/30-19:31:19.398743 10fba4e00 Options.level_compaction_dynamic_level_bytes: 0
2020/11/30-19:31:19.398743 10fba4e00          Options.max_bytes_for_level_multiplier: 10.000000
2020/11/30-19:31:19.398745 10fba4e00 Options.max_bytes_for_level_multiplier_addtl[0]: 1
2020/11/30-19:31:19.398746 10fba4e00 Options.max_bytes_for_level_multiplier_addtl[1]: 1
2020/11/30-19:31:19.398747 10fba4e00 Options.max_bytes_for_level_multiplier_addtl[2]: 1
2020/11/30-19:31:19.398747 10fba4e00 Options.max_bytes_for_level_multiplier_addtl[3]: 1
2020/11/30-19:31:19.398748 10fba4e00 Options.max_bytes_for_level_multiplier_addtl[4]: 1
2020/11/30-19:31:19.398749 10fba4e00 Options.max_bytes_for_level_multiplier_addtl[5]: 1
2020/11/30-19:31:19.398750 10fba4e00 Options.max_bytes_for_level_multiplier_addtl[6]: 1
2020/11/30-19:31:19.398751 10fba4e00       Options.max_sequential_skip_in_iterations: 8
2020/11/30-19:31:19.398752 10fba4e00                    Options.max_compaction_bytes: 1677721600
2020/11/30-19:31:19.398753 10fba4e00                        Options.arena_block_size: 8388608
2020/11/30-19:31:19.398754 10fba4e00   Options.soft_pending_compaction_bytes_limit: 68719476736
2020/11/30-19:31:19.398755 10fba4e00   Options.hard_pending_compaction_bytes_limit: 274877906944
2020/11/30-19:31:19.398756 10fba4e00       Options.rate_limit_delay_max_milliseconds: 100
2020/11/30-19:31:19.398757 10fba4e00                Options.disable_auto_compactions: 0
2020/11/30-19:31:19.398758 10fba4e00                        Options.compaction_style: kCompactionStyleLevel
2020/11/30-19:31:19.398759 10fba4e00                          Options.compaction_pri: kMinOverlappingRatio
2020/11/30-19:31:19.398759 10fba4e00 Options.compaction_options_universal.size_ratio: 1
2020/11/30-19:31:19.398760 10fba4e00 Options.compaction_options_universal.min_merge_width: 2
2020/11/30-19:31:19.398761 10fba4e00 Options.compaction_options_universal.max_merge_width: 4294967295
2020/11/30-19:31:19.398762 10fba4e00 Options.compaction_options_universal.max_size_amplification_percent: 200
2020/11/30-19:31:19.398763 10fba4e00 Options.compaction_options_universal.compression_size_percent: -1
2020/11/30-19:31:19.398764 10fba4e00 Options.compaction_options_universal.stop_style: kCompactionStopStyleTotalSize
2020/11/30-19:31:19.398765 10fba4e00 Options.compaction_options_fifo.max_table_files_size: 1073741824
2020/11/30-19:31:19.398766 10fba4e00 Options.compaction_options_fifo.allow_compaction: 0
2020/11/30-19:31:19.398767 10fba4e00                   Options.table_properties_collectors: 
