2020/11/30-17:11:29.960989 10edf9e00 RocksDB version: 6.11.4
2020/11/30-17:11:29.961083 10edf9e00 Git sha rocksdb_build_git_sha:@48bfca38f6f175435052a59791922a1a453d9609@
2020/11/30-17:11:29.961086 10edf9e00 Compile date Nov 30 2020
2020/11/30-17:11:29.961087 10edf9e00 DB SUMMARY
2020/11/30-17:11:29.961341 10edf9e00 CURRENT file:  CURRENT
2020/11/30-17:11:29.961344 10edf9e00 IDENTITY file:  IDENTITY
2020/11/30-17:11:29.961353 10edf9e00 MANIFEST file:  MANIFEST-000361 size: 825 Bytes
2020/11/30-17:11:29.961355 10edf9e00 SST files in ./database/alphanet dir, Total Num: 0, files: 
2020/11/30-17:11:29.961356 10edf9e00 Write Ahead Log file in ./database/alphanet: 000362.log size: 0 ; 
2020/11/30-17:11:29.961371 10edf9e00                         Options.error_if_exists: 0
2020/11/30-17:11:29.961372 10edf9e00                       Options.create_if_missing: 1
2020/11/30-17:11:29.961373 10edf9e00                         Options.paranoid_checks: 1
2020/11/30-17:11:29.961374 10edf9e00                                     Options.env: 0x1022794b8
2020/11/30-17:11:29.961375 10edf9e00                                      Options.fs: Posix File System
2020/11/30-17:11:29.961376 10edf9e00                                Options.info_log: 0x7fca39d1aaa0
2020/11/30-17:11:29.961378 10edf9e00                Options.max_file_opening_threads: 16
2020/11/30-17:11:29.961379 10edf9e00                              Options.statistics: 0x7fca39d198e8
2020/11/30-17:11:29.961380 10edf9e00                               Options.use_fsync: 0
2020/11/30-17:11:29.961381 10edf9e00                       Options.max_log_file_size: 0
2020/11/30-17:11:29.961382 10edf9e00                  Options.max_manifest_file_size: 1073741824
2020/11/30-17:11:29.961383 10edf9e00                   Options.log_file_time_to_roll: 0
2020/11/30-17:11:29.961384 10edf9e00                       Options.keep_log_file_num: 1000
2020/11/30-17:11:29.961385 10edf9e00                    Options.recycle_log_file_num: 0
2020/11/30-17:11:29.961386 10edf9e00                         Options.allow_fallocate: 1
2020/11/30-17:11:29.961387 10edf9e00                        Options.allow_mmap_reads: 0
2020/11/30-17:11:29.961388 10edf9e00                       Options.allow_mmap_writes: 0
2020/11/30-17:11:29.961389 10edf9e00                        Options.use_direct_reads: 0
2020/11/30-17:11:29.961390 10edf9e00                        Options.use_direct_io_for_flush_and_compaction: 0
2020/11/30-17:11:29.961391 10edf9e00          Options.create_missing_column_families: 1
2020/11/30-17:11:29.961392 10edf9e00                              Options.db_log_dir: 
2020/11/30-17:11:29.961393 10edf9e00                                 Options.wal_dir: ./database/alphanet
2020/11/30-17:11:29.961394 10edf9e00                Options.table_cache_numshardbits: 6
2020/11/30-17:11:29.961395 10edf9e00                      Options.max_subcompactions: 1
2020/11/30-17:11:29.961396 10edf9e00                         Options.WAL_ttl_seconds: 0
2020/11/30-17:11:29.961397 10edf9e00                       Options.WAL_size_limit_MB: 0
2020/11/30-17:11:29.961398 10edf9e00                        Options.max_write_batch_group_size_bytes: 1048576
2020/11/30-17:11:29.961399 10edf9e00             Options.manifest_preallocation_size: 4194304
2020/11/30-17:11:29.961400 10edf9e00                     Options.is_fd_close_on_exec: 1
2020/11/30-17:11:29.961401 10edf9e00                   Options.advise_random_on_open: 1
2020/11/30-17:11:29.961402 10edf9e00                    Options.db_write_buffer_size: 0
2020/11/30-17:11:29.961403 10edf9e00                    Options.write_buffer_manager: 0x7fca39d1aa10
2020/11/30-17:11:29.961404 10edf9e00         Options.access_hint_on_compaction_start: 1
2020/11/30-17:11:29.961405 10edf9e00  Options.new_table_reader_for_compaction_inputs: 0
2020/11/30-17:11:29.961406 10edf9e00           Options.random_access_max_buffer_size: 1048576
2020/11/30-17:11:29.961407 10edf9e00                      Options.use_adaptive_mutex: 0
2020/11/30-17:11:29.961408 10edf9e00                            Options.rate_limiter: 0x0
2020/11/30-17:11:29.961409 10edf9e00     Options.sst_file_manager.rate_bytes_per_sec: 0
2020/11/30-17:11:29.961455 10edf9e00                       Options.wal_recovery_mode: 2
2020/11/30-17:11:29.961457 10edf9e00                  Options.enable_thread_tracking: 0
2020/11/30-17:11:29.961458 10edf9e00                  Options.enable_pipelined_write: 0
2020/11/30-17:11:29.961459 10edf9e00                  Options.unordered_write: 0
2020/11/30-17:11:29.961463 10edf9e00         Options.allow_concurrent_memtable_write: 1
2020/11/30-17:11:29.961464 10edf9e00      Options.enable_write_thread_adaptive_yield: 1
2020/11/30-17:11:29.961465 10edf9e00             Options.write_thread_max_yield_usec: 100
2020/11/30-17:11:29.961466 10edf9e00            Options.write_thread_slow_yield_usec: 3
2020/11/30-17:11:29.961467 10edf9e00                               Options.row_cache: None
2020/11/30-17:11:29.961468 10edf9e00                              Options.wal_filter: None
2020/11/30-17:11:29.961469 10edf9e00             Options.avoid_flush_during_recovery: 0
2020/11/30-17:11:29.961470 10edf9e00             Options.allow_ingest_behind: 0
2020/11/30-17:11:29.961471 10edf9e00             Options.preserve_deletes: 0
2020/11/30-17:11:29.961472 10edf9e00             Options.two_write_queues: 0
2020/11/30-17:11:29.961473 10edf9e00             Options.manual_wal_flush: 0
2020/11/30-17:11:29.961474 10edf9e00             Options.atomic_flush: 1
2020/11/30-17:11:29.961475 10edf9e00             Options.avoid_unnecessary_blocking_io: 0
2020/11/30-17:11:29.961476 10edf9e00                 Options.persist_stats_to_disk: 0
2020/11/30-17:11:29.961477 10edf9e00                 Options.write_dbid_to_manifest: 0
2020/11/30-17:11:29.961478 10edf9e00                 Options.log_readahead_size: 0
2020/11/30-17:11:29.961479 10edf9e00                 Options.file_checksum_gen_factory: Unknown
2020/11/30-17:11:29.961482 10edf9e00                 Options.best_efforts_recovery: 0
2020/11/30-17:11:29.961483 10edf9e00             Options.max_background_jobs: 12
2020/11/30-17:11:29.961484 10edf9e00             Options.max_background_compactions: -1
2020/11/30-17:11:29.961485 10edf9e00             Options.avoid_flush_during_shutdown: 0
2020/11/30-17:11:29.961486 10edf9e00           Options.writable_file_max_buffer_size: 1048576
2020/11/30-17:11:29.961487 10edf9e00             Options.delayed_write_rate : 16777216
2020/11/30-17:11:29.961488 10edf9e00             Options.max_total_wal_size: 0
2020/11/30-17:11:29.961489 10edf9e00             Options.delete_obsolete_files_period_micros: 21600000000
2020/11/30-17:11:29.961490 10edf9e00                   Options.stats_dump_period_sec: 600
2020/11/30-17:11:29.961492 10edf9e00                 Options.stats_persist_period_sec: 600
2020/11/30-17:11:29.961493 10edf9e00                 Options.stats_history_buffer_size: 1048576
2020/11/30-17:11:29.961494 10edf9e00                          Options.max_open_files: -1
2020/11/30-17:11:29.961495 10edf9e00                          Options.bytes_per_sync: 0
2020/11/30-17:11:29.961496 10edf9e00                      Options.wal_bytes_per_sync: 0
2020/11/30-17:11:29.961497 10edf9e00                   Options.strict_bytes_per_sync: 0
2020/11/30-17:11:29.961498 10edf9e00       Options.compaction_readahead_size: 0
2020/11/30-17:11:29.961499 10edf9e00                  Options.max_background_flushes: -1
2020/11/30-17:11:29.961500 10edf9e00 Compression algorithms supported:
2020/11/30-17:11:29.961501 10edf9e00 	kZSTD supported: 0
2020/11/30-17:11:29.961502 10edf9e00 	kZlibCompression supported: 0
2020/11/30-17:11:29.961503 10edf9e00 	kXpressCompression supported: 0
2020/11/30-17:11:29.961504 10edf9e00 	kSnappyCompression supported: 0
2020/11/30-17:11:29.961505 10edf9e00 	kZSTDNotFinalCompression supported: 0
2020/11/30-17:11:29.961507 10edf9e00 	kLZ4HCCompression supported: 0
2020/11/30-17:11:29.961508 10edf9e00 	kLZ4Compression supported: 0
2020/11/30-17:11:29.961509 10edf9e00 	kBZip2Compression supported: 0
2020/11/30-17:11:29.961515 10edf9e00 Fast CRC32 supported: Supported on x86
2020/11/30-17:11:29.961711 10edf9e00 [db/version_set.cc:4555] Recovering from manifest file: ./database/alphanet/MANIFEST-000361
2020/11/30-17:11:29.961817 10edf9e00 [db/column_family.cc:579] --------------- Options for column family [default]:
2020/11/30-17:11:29.961821 10edf9e00               Options.comparator: leveldb.BytewiseComparator
2020/11/30-17:11:29.961822 10edf9e00           Options.merge_operator: None
2020/11/30-17:11:29.961823 10edf9e00        Options.compaction_filter: None
2020/11/30-17:11:29.961824 10edf9e00        Options.compaction_filter_factory: None
2020/11/30-17:11:29.961825 10edf9e00         Options.memtable_factory: SkipListFactory
2020/11/30-17:11:29.961826 10edf9e00            Options.table_factory: BlockBasedTable
2020/11/30-17:11:29.961848 10edf9e00            table_factory options:   flush_block_policy_factory: FlushBlockBySizePolicyFactory (0x7fca39d19130)
  cache_index_and_filter_blocks: 0
  cache_index_and_filter_blocks_with_high_priority: 1
  pin_l0_filter_and_index_blocks_in_cache: 0
  pin_top_level_index_and_filter: 1
  index_type: 0
  data_block_index_type: 0
  index_shortening: 1
  data_block_hash_table_util_ratio: 0.750000
  hash_index_allow_collision: 1
  checksum: 1
  no_block_cache: 0
  block_cache: 0x7fca39d19178
  block_cache_name: LRUCache
  block_cache_options:
    capacity : 8388608
    num_shard_bits : 4
    strict_capacity_limit : 0
    memory_allocator : None
    high_pri_pool_ratio: 0.000
  block_cache_compressed: 0x0
  persistent_cache: 0x0
  block_size: 4096
  block_size_deviation: 10
  block_restart_interval: 16
  index_block_restart_interval: 1
  metadata_block_size: 4096
  partition_filters: 0
  use_delta_encoding: 1
  filter_policy: nullptr
  whole_key_filtering: 1
  verify_compression: 0
  read_amp_bytes_per_bit: 0
  format_version: 4
  enable_index_compression: 1
  block_align: 0
2020/11/30-17:11:29.961854 10edf9e00        Options.write_buffer_size: 67108864
2020/11/30-17:11:29.961855 10edf9e00  Options.max_write_buffer_number: 2
2020/11/30-17:11:29.961856 10edf9e00          Options.compression: NoCompression
2020/11/30-17:11:29.961857 10edf9e00                  Options.bottommost_compression: Disabled
2020/11/30-17:11:29.961858 10edf9e00       Options.prefix_extractor: nullptr
2020/11/30-17:11:29.961859 10edf9e00   Options.memtable_insert_with_hint_prefix_extractor: nullptr
2020/11/30-17:11:29.961860 10edf9e00             Options.num_levels: 7
2020/11/30-17:11:29.961861 10edf9e00        Options.min_write_buffer_number_to_merge: 1
2020/11/30-17:11:29.961862 10edf9e00     Options.max_write_buffer_number_to_maintain: 0
2020/11/30-17:11:29.961863 10edf9e00     Options.max_write_buffer_size_to_maintain: 0
2020/11/30-17:11:29.961865 10edf9e00            Options.bottommost_compression_opts.window_bits: -14
2020/11/30-17:11:29.961866 10edf9e00                  Options.bottommost_compression_opts.level: 32767
2020/11/30-17:11:29.961867 10edf9e00               Options.bottommost_compression_opts.strategy: 0
2020/11/30-17:11:29.961868 10edf9e00         Options.bottommost_compression_opts.max_dict_bytes: 0
2020/11/30-17:11:29.961869 10edf9e00         Options.bottommost_compression_opts.zstd_max_train_bytes: 0
2020/11/30-17:11:29.961870 10edf9e00         Options.bottommost_compression_opts.parallel_threads: 1
2020/11/30-17:11:29.961871 10edf9e00                  Options.bottommost_compression_opts.enabled: false
2020/11/30-17:11:29.961872 10edf9e00            Options.compression_opts.window_bits: -14
2020/11/30-17:11:29.961873 10edf9e00                  Options.compression_opts.level: 32767
2020/11/30-17:11:29.961874 10edf9e00               Options.compression_opts.strategy: 0
2020/11/30-17:11:29.961875 10edf9e00         Options.compression_opts.max_dict_bytes: 0
2020/11/30-17:11:29.961876 10edf9e00         Options.compression_opts.zstd_max_train_bytes: 0
2020/11/30-17:11:29.961877 10edf9e00         Options.compression_opts.parallel_threads: 1
2020/11/30-17:11:29.961878 10edf9e00                  Options.compression_opts.enabled: false
2020/11/30-17:11:29.961879 10edf9e00      Options.level0_file_num_compaction_trigger: 4
2020/11/30-17:11:29.961880 10edf9e00          Options.level0_slowdown_writes_trigger: 20
2020/11/30-17:11:29.961901 10edf9e00              Options.level0_stop_writes_trigger: 36
2020/11/30-17:11:29.961903 10edf9e00                   Options.target_file_size_base: 67108864
2020/11/30-17:11:29.961904 10edf9e00             Options.target_file_size_multiplier: 1
2020/11/30-17:11:29.961905 10edf9e00                Options.max_bytes_for_level_base: 268435456
2020/11/30-17:11:29.961906 10edf9e00 Options.level_compaction_dynamic_level_bytes: 0
2020/11/30-17:11:29.961907 10edf9e00          Options.max_bytes_for_level_multiplier: 10.000000
2020/11/30-17:11:29.961908 10edf9e00 Options.max_bytes_for_level_multiplier_addtl[0]: 1
2020/11/30-17:11:29.961910 10edf9e00 Options.max_bytes_for_level_multiplier_addtl[1]: 1
2020/11/30-17:11:29.961911 10edf9e00 Options.max_bytes_for_level_multiplier_addtl[2]: 1
2020/11/30-17:11:29.961912 10edf9e00 Options.max_bytes_for_level_multiplier_addtl[3]: 1
2020/11/30-17:11:29.961913 10edf9e00 Options.max_bytes_for_level_multiplier_addtl[4]: 1
2020/11/30-17:11:29.961914 10edf9e00 Options.max_bytes_for_level_multiplier_addtl[5]: 1
2020/11/30-17:11:29.961915 10edf9e00 Options.max_bytes_for_level_multiplier_addtl[6]: 1
2020/11/30-17:11:29.961916 10edf9e00       Options.max_sequential_skip_in_iterations: 8
2020/11/30-17:11:29.961917 10edf9e00                    Options.max_compaction_bytes: 1677721600
2020/11/30-17:11:29.961938 10edf9e00                        Options.arena_block_size: 8388608
2020/11/30-17:11:29.961940 10edf9e00   Options.soft_pending_compaction_bytes_limit: 68719476736
2020/11/30-17:11:29.961941 10edf9e00   Options.hard_pending_compaction_bytes_limit: 274877906944
2020/11/30-17:11:29.961942 10edf9e00       Options.rate_limit_delay_max_milliseconds: 100
2020/11/30-17:11:29.961943 10edf9e00                Options.disable_auto_compactions: 0
2020/11/30-17:11:29.961944 10edf9e00                        Options.compaction_style: kCompactionStyleLevel
2020/11/30-17:11:29.961945 10edf9e00                          Options.compaction_pri: kMinOverlappingRatio
2020/11/30-17:11:29.961946 10edf9e00 Options.compaction_options_universal.size_ratio: 1
2020/11/30-17:11:29.961947 10edf9e00 Options.compaction_options_universal.min_merge_width: 2
2020/11/30-17:11:29.961948 10edf9e00 Options.compaction_options_universal.max_merge_width: 4294967295
2020/11/30-17:11:29.961950 10edf9e00 Options.compaction_options_universal.max_size_amplification_percent: 200
2020/11/30-17:11:29.961951 10edf9e00 Options.compaction_options_universal.compression_size_percent: -1
2020/11/30-17:11:29.961952 10edf9e00 Options.compaction_options_universal.stop_style: kCompactionStopStyleTotalSize
2020/11/30-17:11:29.961953 10edf9e00 Options.compaction_options_fifo.max_table_files_size: 1073741824
2020/11/30-17:11:29.961954 10edf9e00 Options.compaction_options_fifo.allow_compaction: 0
2020/11/30-17:11:29.961963 10edf9e00                   Options.table_properties_collectors: 
2020/11/30-17:11:29.961964 10edf9e00                   Options.inplace_update_support: 0
2020/11/30-17:11:29.961965 10edf9e00                 Options.inplace_update_num_locks: 10000
2020/11/30-17:11:29.961966 10edf9e00               Options.memtable_prefix_bloom_size_ratio: 0.000000
2020/11/30-17:11:29.961967 10edf9e00               Options.memtable_whole_key_filtering: 0
2020/11/30-17:11:29.961968 10edf9e00   Options.memtable_huge_page_size: 0
2020/11/30-17:11:29.961969 10edf9e00                           Options.bloom_locality: 0
2020/11/30-17:11:29.961970 10edf9e00                    Options.max_successive_merges: 0
2020/11/30-17:11:29.961971 10edf9e00                Options.optimize_filters_for_hits: 0
2020/11/30-17:11:29.961972 10edf9e00                Options.paranoid_file_checks: 0
2020/11/30-17:11:29.961973 10edf9e00                Options.force_consistency_checks: 0
2020/11/30-17:11:29.961974 10edf9e00                Options.report_bg_io_stats: 0
2020/11/30-17:11:29.961975 10edf9e00                               Options.ttl: 2592000
2020/11/30-17:11:29.961976 10edf9e00          Options.periodic_compaction_seconds: 0
2020/11/30-17:11:29.962115 10edf9e00 [db/column_family.cc:579] --------------- Options for column family [message_id_to_message]:
2020/11/30-17:11:29.962118 10edf9e00               Options.comparator: leveldb.BytewiseComparator
2020/11/30-17:11:29.962119 10edf9e00           Options.merge_operator: None
2020/11/30-17:11:29.962120 10edf9e00        Options.compaction_filter: None
2020/11/30-17:11:29.962121 10edf9e00        Options.compaction_filter_factory: None
2020/11/30-17:11:29.962122 10edf9e00         Options.memtable_factory: SkipListFactory
2020/11/30-17:11:29.962123 10edf9e00            Options.table_factory: BlockBasedTable
2020/11/30-17:11:29.962141 10edf9e00            table_factory options:   flush_block_policy_factory: FlushBlockBySizePolicyFactory (0x7fca39d13330)
  cache_index_and_filter_blocks: 0
  cache_index_and_filter_blocks_with_high_priority: 1
  pin_l0_filter_and_index_blocks_in_cache: 0
  pin_top_level_index_and_filter: 1
  index_type: 0
  data_block_index_type: 0
  index_shortening: 1
  data_block_hash_table_util_ratio: 0.750000
  hash_index_allow_collision: 1
  checksum: 1
  no_block_cache: 0
  block_cache: 0x7fca39d13378
  block_cache_name: LRUCache
  block_cache_options:
    capacity : 8388608
    num_shard_bits : 4
    strict_capacity_limit : 0
    memory_allocator : None
    high_pri_pool_ratio: 0.000
  block_cache_compressed: 0x0
  persistent_cache: 0x0
  block_size: 4096
  block_size_deviation: 10
  block_restart_interval: 16
  index_block_restart_interval: 1
  metadata_block_size: 4096
  partition_filters: 0
  use_delta_encoding: 1
  filter_policy: nullptr
  whole_key_filtering: 1
  verify_compression: 0
  read_amp_bytes_per_bit: 0
  format_version: 4
  enable_index_compression: 1
  block_align: 0
2020/11/30-17:11:29.962142 10edf9e00        Options.write_buffer_size: 67108864
2020/11/30-17:11:29.962143 10edf9e00  Options.max_write_buffer_number: 2
2020/11/30-17:11:29.962144 10edf9e00          Options.compression: NoCompression
2020/11/30-17:11:29.962145 10edf9e00                  Options.bottommost_compression: Disabled
2020/11/30-17:11:29.962146 10edf9e00       Options.prefix_extractor: nullptr
2020/11/30-17:11:29.962147 10edf9e00   Options.memtable_insert_with_hint_prefix_extractor: nullptr
2020/11/30-17:11:29.962148 10edf9e00             Options.num_levels: 7
2020/11/30-17:11:29.962149 10edf9e00        Options.min_write_buffer_number_to_merge: 1
2020/11/30-17:11:29.962150 10edf9e00     Options.max_write_buffer_number_to_maintain: 0
2020/11/30-17:11:29.962151 10edf9e00     Options.max_write_buffer_size_to_maintain: 0
2020/11/30-17:11:29.962152 10edf9e00            Options.bottommost_compression_opts.window_bits: -14
2020/11/30-17:11:29.962154 10edf9e00                  Options.bottommost_compression_opts.level: 32767
2020/11/30-17:11:29.962155 10edf9e00               Options.bottommost_compression_opts.strategy: 0
2020/11/30-17:11:29.962156 10edf9e00         Options.bottommost_compression_opts.max_dict_bytes: 0
2020/11/30-17:11:29.962157 10edf9e00         Options.bottommost_compression_opts.zstd_max_train_bytes: 0
2020/11/30-17:11:29.962158 10edf9e00         Options.bottommost_compression_opts.parallel_threads: 1
2020/11/30-17:11:29.962159 10edf9e00                  Options.bottommost_compression_opts.enabled: false
2020/11/30-17:11:29.962160 10edf9e00            Options.compression_opts.window_bits: -14
2020/11/30-17:11:29.962161 10edf9e00                  Options.compression_opts.level: 32767
2020/11/30-17:11:29.962162 10edf9e00               Options.compression_opts.strategy: 0
2020/11/30-17:11:29.962163 10edf9e00         Options.compression_opts.max_dict_bytes: 0
2020/11/30-17:11:29.962164 10edf9e00         Options.compression_opts.zstd_max_train_bytes: 0
2020/11/30-17:11:29.962165 10edf9e00         Options.compression_opts.parallel_threads: 1
2020/11/30-17:11:29.962166 10edf9e00                  Options.compression_opts.enabled: false
2020/11/30-17:11:29.962167 10edf9e00      Options.level0_file_num_compaction_trigger: 4
2020/11/30-17:11:29.962168 10edf9e00          Options.level0_slowdown_writes_trigger: 20
2020/11/30-17:11:29.962189 10edf9e00              Options.level0_stop_writes_trigger: 36
2020/11/30-17:11:29.962191 10edf9e00                   Options.target_file_size_base: 67108864
2020/11/30-17:11:29.962192 10edf9e00             Options.target_file_size_multiplier: 1
2020/11/30-17:11:29.962193 10edf9e00                Options.max_bytes_for_level_base: 268435456
2020/11/30-17:11:29.962194 10edf9e00 Options.level_compaction_dynamic_level_bytes: 0
2020/11/30-17:11:29.962195 10edf9e00          Options.max_bytes_for_level_multiplier: 10.000000
2020/11/30-17:11:29.962196 10edf9e00 Options.max_bytes_for_level_multiplier_addtl[0]: 1
2020/11/30-17:11:29.962198 10edf9e00 Options.max_bytes_for_level_multiplier_addtl[1]: 1
2020/11/30-17:11:29.962199 10edf9e00 Options.max_bytes_for_level_multiplier_addtl[2]: 1
2020/11/30-17:11:29.962200 10edf9e00 Options.max_bytes_for_level_multiplier_addtl[3]: 1
2020/11/30-17:11:29.962201 10edf9e00 Options.max_bytes_for_level_multiplier_addtl[4]: 1
2020/11/30-17:11:29.962202 10edf9e00 Options.max_bytes_for_level_multiplier_addtl[5]: 1
2020/11/30-17:11:29.962203 10edf9e00 Options.max_bytes_for_level_multiplier_addtl[6]: 1
2020/11/30-17:11:29.962204 10edf9e00       Options.max_sequential_skip_in_iterations: 8
2020/11/30-17:11:29.962205 10edf9e00                    Options.max_compaction_bytes: 1677721600
2020/11/30-17:11:29.962206 10edf9e00                        Options.arena_block_size: 8388608
2020/11/30-17:11:29.962207 10edf9e00   Options.soft_pending_compaction_bytes_limit: 68719476736
2020/11/30-17:11:29.962208 10edf9e00   Options.hard_pending_compaction_bytes_limit: 274877906944
2020/11/30-17:11:29.962209 10edf9e00       Options.rate_limit_delay_max_milliseconds: 100
2020/11/30-17:11:29.962210 10edf9e00                Options.disable_auto_compactions: 0
2020/11/30-17:11:29.962211 10edf9e00                        Options.compaction_style: kCompactionStyleLevel
2020/11/30-17:11:29.962212 10edf9e00                          Options.compaction_pri: kMinOverlappingRatio
2020/11/30-17:11:29.962213 10edf9e00 Options.compaction_options_universal.size_ratio: 1
2020/11/30-17:11:29.962214 10edf9e00 Options.compaction_options_universal.min_merge_width: 2
2020/11/30-17:11:29.962215 10edf9e00 Options.compaction_options_universal.max_merge_width: 4294967295
2020/11/30-17:11:29.962216 10edf9e00 Options.compaction_options_universal.max_size_amplification_percent: 200
2020/11/30-17:11:29.962217 10edf9e00 Options.compaction_options_universal.compression_size_percent: -1
2020/11/30-17:11:29.962219 10edf9e00 Options.compaction_options_universal.stop_style: kCompactionStopStyleTotalSize
2020/11/30-17:11:29.962220 10edf9e00 Options.compaction_options_fifo.max_table_files_size: 1073741824
2020/11/30-17:11:29.962221 10edf9e00 Options.compaction_options_fifo.allow_compaction: 0
2020/11/30-17:11:29.962222 10edf9e00                   Options.table_properties_collectors: 
2020/11/30-17:11:29.962223 10edf9e00                   Options.inplace_update_support: 0
2020/11/30-17:11:29.962224 10edf9e00                 Options.inplace_update_num_locks: 10000
2020/11/30-17:11:29.962225 10edf9e00               Options.memtable_prefix_bloom_size_ratio: 0.000000
2020/11/30-17:11:29.962226 10edf9e00               Options.memtable_whole_key_filtering: 0
2020/11/30-17:11:29.962227 10edf9e00   Options.memtable_huge_page_size: 0
2020/11/30-17:11:29.962228 10edf9e00                           Options.bloom_locality: 0
2020/11/30-17:11:29.962229 10edf9e00                    Options.max_successive_merges: 0
2020/11/30-17:11:29.962230 10edf9e00                Options.optimize_filters_for_hits: 0
2020/11/30-17:11:29.962231 10edf9e00                Options.paranoid_file_checks: 0
2020/11/30-17:11:29.962232 10edf9e00                Options.force_consistency_checks: 0
2020/11/30-17:11:29.962233 10edf9e00                Options.report_bg_io_stats: 0
2020/11/30-17:11:29.962234 10edf9e00                               Options.ttl: 2592000
2020/11/30-17:11:29.962235 10edf9e00          Options.periodic_compaction_seconds: 0
2020/11/30-17:11:29.962287 10edf9e00 [db/column_family.cc:579] --------------- Options for column family [message_id_to_message_id]:
2020/11/30-17:11:29.962289 10edf9e00               Options.comparator: leveldb.BytewiseComparator
2020/11/30-17:11:29.962290 10edf9e00           Options.merge_operator: None
2020/11/30-17:11:29.962291 10edf9e00        Options.compaction_filter: None
2020/11/30-17:11:29.962292 10edf9e00        Options.compaction_filter_factory: None
2020/11/30-17:11:29.962293 10edf9e00         Options.memtable_factory: SkipListFactory
2020/11/30-17:11:29.962294 10edf9e00            Options.table_factory: BlockBasedTable
2020/11/30-17:11:29.962325 10edf9e00            table_factory options:   flush_block_policy_factory: FlushBlockBySizePolicyFactory (0x7fca39d14a60)
  cache_index_and_filter_blocks: 0
  cache_index_and_filter_blocks_with_high_priority: 1
  pin_l0_filter_and_index_blocks_in_cache: 0
  pin_top_level_index_and_filter: 1
  index_type: 0
  data_block_index_type: 0
  index_shortening: 1
  data_block_hash_table_util_ratio: 0.750000
  hash_index_allow_collision: 1
  checksum: 1
  no_block_cache: 0
  block_cache: 0x7fca39d14aa8
  block_cache_name: LRUCache
  block_cache_options:
    capacity : 8388608
    num_shard_bits : 4
    strict_capacity_limit : 0
    memory_allocator : None
    high_pri_pool_ratio: 0.000
  block_cache_compressed: 0x0
  persistent_cache: 0x0
  block_size: 4096
  block_size_deviation: 10
  block_restart_interval: 16
  index_block_restart_interval: 1
  metadata_block_size: 4096
  partition_filters: 0
  use_delta_encoding: 1
  filter_policy: nullptr
  whole_key_filtering: 1
  verify_compression: 0
  read_amp_bytes_per_bit: 0
  format_version: 4
  enable_index_compression: 1
  block_align: 0
2020/11/30-17:11:29.962327 10edf9e00        Options.write_buffer_size: 67108864
2020/11/30-17:11:29.962328 10edf9e00  Options.max_write_buffer_number: 2
2020/11/30-17:11:29.962329 10edf9e00          Options.compression: NoCompression
2020/11/30-17:11:29.962330 10edf9e00                  Options.bottommost_compression: Disabled
2020/11/30-17:11:29.962331 10edf9e00       Options.prefix_extractor: rocksdb.FixedPrefix.32
2020/11/30-17:11:29.962332 10edf9e00   Options.memtable_insert_with_hint_prefix_extractor: nullptr
2020/11/30-17:11:29.962333 10edf9e00             Options.num_levels: 7
2020/11/30-17:11:29.962334 10edf9e00        Options.min_write_buffer_number_to_merge: 1
2020/11/30-17:11:29.962335 10edf9e00     Options.max_write_buffer_number_to_maintain: 0
2020/11/30-17:11:29.962336 10edf9e00     Options.max_write_buffer_size_to_maintain: 0
2020/11/30-17:11:29.962337 10edf9e00            Options.bottommost_compression_opts.window_bits: -14
2020/11/30-17:11:29.962338 10edf9e00                  Options.bottommost_compression_opts.level: 32767
2020/11/30-17:11:29.962339 10edf9e00               Options.bottommost_compression_opts.strategy: 0
2020/11/30-17:11:29.962340 10edf9e00         Options.bottommost_compression_opts.max_dict_bytes: 0
2020/11/30-17:11:29.962341 10edf9e00         Options.bottommost_compression_opts.zstd_max_train_bytes: 0
2020/11/30-17:11:29.962342 10edf9e00         Options.bottommost_compression_opts.parallel_threads: 1
2020/11/30-17:11:29.962343 10edf9e00                  Options.bottommost_compression_opts.enabled: false
2020/11/30-17:11:29.962344 10edf9e00            Options.compression_opts.window_bits: -14
2020/11/30-17:11:29.962345 10edf9e00                  Options.compression_opts.level: 32767
2020/11/30-17:11:29.962346 10edf9e00               Options.compression_opts.strategy: 0
2020/11/30-17:11:29.962347 10edf9e00         Options.compression_opts.max_dict_bytes: 0
2020/11/30-17:11:29.962348 10edf9e00         Options.compression_opts.zstd_max_train_bytes: 0
2020/11/30-17:11:29.962349 10edf9e00         Options.compression_opts.parallel_threads: 1
2020/11/30-17:11:29.962350 10edf9e00                  Options.compression_opts.enabled: false
2020/11/30-17:11:29.962351 10edf9e00      Options.level0_file_num_compaction_trigger: 4
2020/11/30-17:11:29.962352 10edf9e00          Options.level0_slowdown_writes_trigger: 20
2020/11/30-17:11:29.962372 10edf9e00              Options.level0_stop_writes_trigger: 36
2020/11/30-17:11:29.962374 10edf9e00                   Options.target_file_size_base: 67108864
2020/11/30-17:11:29.962375 10edf9e00             Options.target_file_size_multiplier: 1
2020/11/30-17:11:29.962376 10edf9e00                Options.max_bytes_for_level_base: 268435456
2020/11/30-17:11:29.962377 10edf9e00 Options.level_compaction_dynamic_level_bytes: 0
2020/11/30-17:11:29.962378 10edf9e00          Options.max_bytes_for_level_multiplier: 10.000000
2020/11/30-17:11:29.962379 10edf9e00 Options.max_bytes_for_level_multiplier_addtl[0]: 1
2020/11/30-17:11:29.962380 10edf9e00 Options.max_bytes_for_level_multiplier_addtl[1]: 1
2020/11/30-17:11:29.962381 10edf9e00 Options.max_bytes_for_level_multiplier_addtl[2]: 1
2020/11/30-17:11:29.962382 10edf9e00 Options.max_bytes_for_level_multiplier_addtl[3]: 1
2020/11/30-17:11:29.962383 10edf9e00 Options.max_bytes_for_level_multiplier_addtl[4]: 1
2020/11/30-17:11:29.962384 10edf9e00 Options.max_bytes_for_level_multiplier_addtl[5]: 1
2020/11/30-17:11:29.962385 10edf9e00 Options.max_bytes_for_level_multiplier_addtl[6]: 1
2020/11/30-17:11:29.962386 10edf9e00       Options.max_sequential_skip_in_iterations: 8
2020/11/30-17:11:29.962387 10edf9e00                    Options.max_compaction_bytes: 1677721600
2020/11/30-17:11:29.962388 10edf9e00                        Options.arena_block_size: 8388608
2020/11/30-17:11:29.962428 10edf9e00   Options.soft_pending_compaction_bytes_limit: 68719476736
2020/11/30-17:11:29.962431 10edf9e00   Options.hard_pending_compaction_bytes_limit: 274877906944
2020/11/30-17:11:29.962433 10edf9e00       Options.rate_limit_delay_max_milliseconds: 100
2020/11/30-17:11:29.962434 10edf9e00                Options.disable_auto_compactions: 0
2020/11/30-17:11:29.962435 10edf9e00                        Options.compaction_style: kCompactionStyleLevel
2020/11/30-17:11:29.962436 10edf9e00                          Options.compaction_pri: kMinOverlappingRatio
2020/11/30-17:11:29.962437 10edf9e00 Options.compaction_options_universal.size_ratio: 1
2020/11/30-17:11:29.962438 10edf9e00 Options.compaction_options_universal.min_merge_width: 2
2020/11/30-17:11:29.962439 10edf9e00 Options.compaction_options_universal.max_merge_width: 4294967295
2020/11/30-17:11:29.962440 10edf9e00 Options.compaction_options_universal.max_size_amplification_percent: 200
2020/11/30-17:11:29.962442 10edf9e00 Options.compaction_options_universal.compression_size_percent: -1
2020/11/30-17:11:29.962470 10edf9e00 Options.compaction_options_universal.stop_style: kCompactionStopStyleTotalSize
2020/11/30-17:11:29.962471 10edf9e00 Options.compaction_options_fifo.max_table_files_size: 1073741824
2020/11/30-17:11:29.962472 10edf9e00 Options.compaction_options_fifo.allow_compaction: 0
2020/11/30-17:11:29.962474 10edf9e00                   Options.table_properties_collectors: 
2020/11/30-17:11:29.962475 10edf9e00                   Options.inplace_update_support: 0
2020/11/30-17:11:29.962476 10edf9e00                 Options.inplace_update_num_locks: 10000
2020/11/30-17:11:29.962477 10edf9e00               Options.memtable_prefix_bloom_size_ratio: 0.000000
2020/11/30-17:11:29.962478 10edf9e00               Options.memtable_whole_key_filtering: 0
2020/11/30-17:11:29.962480 10edf9e00   Options.memtable_huge_page_size: 0
2020/11/30-17:11:29.962481 10edf9e00                           Options.bloom_locality: 0
2020/11/30-17:11:29.962482 10edf9e00                    Options.max_successive_merges: 0
2020/11/30-17:11:29.962483 10edf9e00                Options.optimize_filters_for_hits: 0
2020/11/30-17:11:29.962484 10edf9e00                Options.paranoid_file_checks: 0
2020/11/30-17:11:29.962485 10edf9e00                Options.force_consistency_checks: 0
2020/11/30-17:11:29.962486 10edf9e00                Options.report_bg_io_stats: 0
2020/11/30-17:11:29.962487 10edf9e00                               Options.ttl: 2592000
2020/11/30-17:11:29.962488 10edf9e00          Options.periodic_compaction_seconds: 0
2020/11/30-17:11:29.962579 10edf9e00 [db/column_family.cc:579] --------------- Options for column family [index_to_message_id]:
2020/11/30-17:11:29.962582 10edf9e00               Options.comparator: leveldb.BytewiseComparator
2020/11/30-17:11:29.962583 10edf9e00           Options.merge_operator: None
2020/11/30-17:11:29.962584 10edf9e00        Options.compaction_filter: None
2020/11/30-17:11:29.962585 10edf9e00        Options.compaction_filter_factory: None
2020/11/30-17:11:29.962586 10edf9e00         Options.memtable_factory: SkipListFactory
2020/11/30-17:11:29.962587 10edf9e00            Options.table_factory: BlockBasedTable
2020/11/30-17:11:29.962632 10edf9e00            table_factory options:   flush_block_policy_factory: FlushBlockBySizePolicyFactory (0x7fca39d15650)
  cache_index_and_filter_blocks: 0
  cache_index_and_filter_blocks_with_high_priority: 1
  pin_l0_filter_and_index_blocks_in_cache: 0
  pin_top_level_index_and_filter: 1
  index_type: 0
  data_block_index_type: 0
  index_shortening: 1
  data_block_hash_table_util_ratio: 0.750000
  hash_index_allow_collision: 1
  checksum: 1
  no_block_cache: 0
  block_cache: 0x7fca39d15698
  block_cache_name: LRUCache
  block_cache_options:
    capacity : 8388608
    num_shard_bits : 4
    strict_capacity_limit : 0
    memory_allocator : None
    high_pri_pool_ratio: 0.000
  block_cache_compressed: 0x0
  persistent_cache: 0x0
  block_size: 4096
  block_size_deviation: 10
  block_restart_interval: 16
  index_block_restart_interval: 1
  metadata_block_size: 4096
  partition_filters: 0
  use_delta_encoding: 1
  filter_policy: nullptr
  whole_key_filtering: 1
  verify_compression: 0
  read_amp_bytes_per_bit: 0
  format_version: 4
  enable_index_compression: 1
  block_align: 0
2020/11/30-17:11:29.962638 10edf9e00        Options.write_buffer_size: 67108864
2020/11/30-17:11:29.962639 10edf9e00  Options.max_write_buffer_number: 2
2020/11/30-17:11:29.962640 10edf9e00          Options.compression: NoCompression
2020/11/30-17:11:29.962642 10edf9e00                  Options.bottommost_compression: Disabled
2020/11/30-17:11:29.962643 10edf9e00       Options.prefix_extractor: rocksdb.FixedPrefix.32
2020/11/30-17:11:29.962644 10edf9e00   Options.memtable_insert_with_hint_prefix_extractor: nullptr
2020/11/30-17:11:29.962645 10edf9e00             Options.num_levels: 7
2020/11/30-17:11:29.962646 10edf9e00        Options.min_write_buffer_number_to_merge: 1
2020/11/30-17:11:29.962647 10edf9e00     Options.max_write_buffer_number_to_maintain: 0
2020/11/30-17:11:29.962648 10edf9e00     Options.max_write_buffer_size_to_maintain: 0
2020/11/30-17:11:29.962649 10edf9e00            Options.bottommost_compression_opts.window_bits: -14
2020/11/30-17:11:29.962650 10edf9e00                  Options.bottommost_compression_opts.level: 32767
2020/11/30-17:11:29.962651 10edf9e00               Options.bottommost_compression_opts.strategy: 0
2020/11/30-17:11:29.962652 10edf9e00         Options.bottommost_compression_opts.max_dict_bytes: 0
2020/11/30-17:11:29.962653 10edf9e00         Options.bottommost_compression_opts.zstd_max_train_bytes: 0
2020/11/30-17:11:29.962654 10edf9e00         Options.bottommost_compression_opts.parallel_threads: 1
2020/11/30-17:11:29.962655 10edf9e00                  Options.bottommost_compression_opts.enabled: false
2020/11/30-17:11:29.962656 10edf9e00            Options.compression_opts.window_bits: -14
2020/11/30-17:11:29.962657 10edf9e00                  Options.compression_opts.level: 32767
2020/11/30-17:11:29.962658 10edf9e00               Options.compression_opts.strategy: 0
2020/11/30-17:11:29.962659 10edf9e00         Options.compression_opts.max_dict_bytes: 0
2020/11/30-17:11:29.962660 10edf9e00         Options.compression_opts.zstd_max_train_bytes: 0
2020/11/30-17:11:29.962661 10edf9e00         Options.compression_opts.parallel_threads: 1
2020/11/30-17:11:29.962662 10edf9e00                  Options.compression_opts.enabled: false
2020/11/30-17:11:29.962663 10edf9e00      Options.level0_file_num_compaction_trigger: 4
2020/11/30-17:11:29.962684 10edf9e00          Options.level0_slowdown_writes_trigger: 20
2020/11/30-17:11:29.962685 10edf9e00              Options.level0_stop_writes_trigger: 36
2020/11/30-17:11:29.962686 10edf9e00                   Options.target_file_size_base: 67108864
2020/11/30-17:11:29.962687 10edf9e00             Options.target_file_size_multiplier: 1
2020/11/30-17:11:29.962688 10edf9e00                Options.max_bytes_for_level_base: 268435456
2020/11/30-17:11:29.962689 10edf9e00 Options.level_compaction_dynamic_level_bytes: 0
2020/11/30-17:11:29.962690 10edf9e00          Options.max_bytes_for_level_multiplier: 10.000000
2020/11/30-17:11:29.962692 10edf9e00 Options.max_bytes_for_level_multiplier_addtl[0]: 1
2020/11/30-17:11:29.962693 10edf9e00 Options.max_bytes_for_level_multiplier_addtl[1]: 1
2020/11/30-17:11:29.962694 10edf9e00 Options.max_bytes_for_level_multiplier_addtl[2]: 1
2020/11/30-17:11:29.962695 10edf9e00 Options.max_bytes_for_level_multiplier_addtl[3]: 1
2020/11/30-17:11:29.962696 10edf9e00 Options.max_bytes_for_level_multiplier_addtl[4]: 1
2020/11/30-17:11:29.962697 10edf9e00 Options.max_bytes_for_level_multiplier_addtl[5]: 1
2020/11/30-17:11:29.962698 10edf9e00 Options.max_bytes_for_level_multiplier_addtl[6]: 1
2020/11/30-17:11:29.962699 10edf9e00       Options.max_sequential_skip_in_iterations: 8
2020/11/30-17:11:29.962700 10edf9e00                    Options.max_compaction_bytes: 1677721600
2020/11/30-17:11:29.962701 10edf9e00                        Options.arena_block_size: 8388608
2020/11/30-17:11:29.962702 10edf9e00   Options.soft_pending_compaction_bytes_limit: 68719476736
2020/11/30-17:11:29.962703 10edf9e00   Options.hard_pending_compaction_bytes_limit: 274877906944
2020/11/30-17:11:29.962704 10edf9e00       Options.rate_limit_delay_max_milliseconds: 100
2020/11/30-17:11:29.962705 10edf9e00                Options.disable_auto_compactions: 0
2020/11/30-17:11:29.962706 10edf9e00                        Options.compaction_style: kCompactionStyleLevel
2020/11/30-17:11:29.962707 10edf9e00                          Options.compaction_pri: kMinOverlappingRatio
2020/11/30-17:11:29.962708 10edf9e00 Options.compaction_options_universal.size_ratio: 1
2020/11/30-17:11:29.962709 10edf9e00 Options.compaction_options_universal.min_merge_width: 2
2020/11/30-17:11:29.962710 10edf9e00 Options.compaction_options_universal.max_merge_width: 4294967295
2020/11/30-17:11:29.962711 10edf9e00 Options.compaction_options_universal.max_size_amplification_percent: 200
2020/11/30-17:11:29.962712 10edf9e00 Options.compaction_options_universal.compression_size_percent: -1
2020/11/30-17:11:29.962714 10edf9e00 Options.compaction_options_universal.stop_style: kCompactionStopStyleTotalSize
2020/11/30-17:11:29.962715 10edf9e00 Options.compaction_options_fifo.max_table_files_size: 1073741824
2020/11/30-17:11:29.962716 10edf9e00 Options.compaction_options_fifo.allow_compaction: 0
2020/11/30-17:11:29.962717 10edf9e00                   Options.table_properties_collectors: 
