2020/11/28-16:04:39.695245 1102e4e00 RocksDB version: 6.11.4
2020/11/28-16:04:39.695315 1102e4e00 Git sha rocksdb_build_git_sha:@48bfca38f6f175435052a59791922a1a453d9609@
2020/11/28-16:04:39.695318 1102e4e00 Compile date Nov 27 2020
2020/11/28-16:04:39.695320 1102e4e00 DB SUMMARY
2020/11/28-16:04:39.695451 1102e4e00 CURRENT file:  CURRENT
2020/11/28-16:04:39.695453 1102e4e00 IDENTITY file:  IDENTITY
2020/11/28-16:04:39.695459 1102e4e00 MANIFEST file:  MANIFEST-000193 size: 825 Bytes
2020/11/28-16:04:39.695461 1102e4e00 SST files in ./database/alphanet dir, Total Num: 0, files: 
2020/11/28-16:04:39.695462 1102e4e00 Write Ahead Log file in ./database/alphanet: 000194.log size: 0 ; 
2020/11/28-16:04:39.695470 1102e4e00                         Options.error_if_exists: 0
2020/11/28-16:04:39.695471 1102e4e00                       Options.create_if_missing: 1
2020/11/28-16:04:39.695472 1102e4e00                         Options.paranoid_checks: 1
2020/11/28-16:04:39.695473 1102e4e00                                     Options.env: 0x10b47f458
2020/11/28-16:04:39.695474 1102e4e00                                      Options.fs: Posix File System
2020/11/28-16:04:39.695475 1102e4e00                                Options.info_log: 0x7fad76519260
2020/11/28-16:04:39.695476 1102e4e00                Options.max_file_opening_threads: 16
2020/11/28-16:04:39.695477 1102e4e00                              Options.statistics: 0x7fad765180b8
2020/11/28-16:04:39.695478 1102e4e00                               Options.use_fsync: 0
2020/11/28-16:04:39.695479 1102e4e00                       Options.max_log_file_size: 0
2020/11/28-16:04:39.695480 1102e4e00                  Options.max_manifest_file_size: 1073741824
2020/11/28-16:04:39.695481 1102e4e00                   Options.log_file_time_to_roll: 0
2020/11/28-16:04:39.695482 1102e4e00                       Options.keep_log_file_num: 1000
2020/11/28-16:04:39.695483 1102e4e00                    Options.recycle_log_file_num: 0
2020/11/28-16:04:39.695484 1102e4e00                         Options.allow_fallocate: 1
2020/11/28-16:04:39.695485 1102e4e00                        Options.allow_mmap_reads: 0
2020/11/28-16:04:39.695486 1102e4e00                       Options.allow_mmap_writes: 0
2020/11/28-16:04:39.695487 1102e4e00                        Options.use_direct_reads: 0
2020/11/28-16:04:39.695488 1102e4e00                        Options.use_direct_io_for_flush_and_compaction: 0
2020/11/28-16:04:39.695489 1102e4e00          Options.create_missing_column_families: 1
2020/11/28-16:04:39.695490 1102e4e00                              Options.db_log_dir: 
2020/11/28-16:04:39.695491 1102e4e00                                 Options.wal_dir: ./database/alphanet
2020/11/28-16:04:39.695491 1102e4e00                Options.table_cache_numshardbits: 6
2020/11/28-16:04:39.695492 1102e4e00                      Options.max_subcompactions: 1
2020/11/28-16:04:39.695493 1102e4e00                         Options.WAL_ttl_seconds: 0
2020/11/28-16:04:39.695494 1102e4e00                       Options.WAL_size_limit_MB: 0
2020/11/28-16:04:39.695495 1102e4e00                        Options.max_write_batch_group_size_bytes: 1048576
2020/11/28-16:04:39.695496 1102e4e00             Options.manifest_preallocation_size: 4194304
2020/11/28-16:04:39.695497 1102e4e00                     Options.is_fd_close_on_exec: 1
2020/11/28-16:04:39.695498 1102e4e00                   Options.advise_random_on_open: 1
2020/11/28-16:04:39.695499 1102e4e00                    Options.db_write_buffer_size: 0
2020/11/28-16:04:39.695500 1102e4e00                    Options.write_buffer_manager: 0x7fad765191d0
2020/11/28-16:04:39.695501 1102e4e00         Options.access_hint_on_compaction_start: 1
2020/11/28-16:04:39.695502 1102e4e00  Options.new_table_reader_for_compaction_inputs: 0
2020/11/28-16:04:39.695503 1102e4e00           Options.random_access_max_buffer_size: 1048576
2020/11/28-16:04:39.695504 1102e4e00                      Options.use_adaptive_mutex: 0
2020/11/28-16:04:39.695506 1102e4e00                            Options.rate_limiter: 0x0
2020/11/28-16:04:39.695508 1102e4e00     Options.sst_file_manager.rate_bytes_per_sec: 0
2020/11/28-16:04:39.695531 1102e4e00                       Options.wal_recovery_mode: 2
2020/11/28-16:04:39.695532 1102e4e00                  Options.enable_thread_tracking: 0
2020/11/28-16:04:39.695533 1102e4e00                  Options.enable_pipelined_write: 0
2020/11/28-16:04:39.695534 1102e4e00                  Options.unordered_write: 0
2020/11/28-16:04:39.695535 1102e4e00         Options.allow_concurrent_memtable_write: 1
2020/11/28-16:04:39.695536 1102e4e00      Options.enable_write_thread_adaptive_yield: 1
2020/11/28-16:04:39.695537 1102e4e00             Options.write_thread_max_yield_usec: 100
2020/11/28-16:04:39.695538 1102e4e00            Options.write_thread_slow_yield_usec: 3
2020/11/28-16:04:39.695539 1102e4e00                               Options.row_cache: None
2020/11/28-16:04:39.695540 1102e4e00                              Options.wal_filter: None
2020/11/28-16:04:39.695541 1102e4e00             Options.avoid_flush_during_recovery: 0
2020/11/28-16:04:39.695542 1102e4e00             Options.allow_ingest_behind: 0
2020/11/28-16:04:39.695543 1102e4e00             Options.preserve_deletes: 0
2020/11/28-16:04:39.695544 1102e4e00             Options.two_write_queues: 0
2020/11/28-16:04:39.695545 1102e4e00             Options.manual_wal_flush: 0
2020/11/28-16:04:39.695545 1102e4e00             Options.atomic_flush: 1
2020/11/28-16:04:39.695546 1102e4e00             Options.avoid_unnecessary_blocking_io: 0
2020/11/28-16:04:39.695547 1102e4e00                 Options.persist_stats_to_disk: 0
2020/11/28-16:04:39.695548 1102e4e00                 Options.write_dbid_to_manifest: 0
2020/11/28-16:04:39.695549 1102e4e00                 Options.log_readahead_size: 0
2020/11/28-16:04:39.695550 1102e4e00                 Options.file_checksum_gen_factory: Unknown
2020/11/28-16:04:39.695553 1102e4e00                 Options.best_efforts_recovery: 0
2020/11/28-16:04:39.695554 1102e4e00             Options.max_background_jobs: 12
2020/11/28-16:04:39.695555 1102e4e00             Options.max_background_compactions: -1
2020/11/28-16:04:39.695556 1102e4e00             Options.avoid_flush_during_shutdown: 0
2020/11/28-16:04:39.695557 1102e4e00           Options.writable_file_max_buffer_size: 1048576
2020/11/28-16:04:39.695558 1102e4e00             Options.delayed_write_rate : 16777216
2020/11/28-16:04:39.695559 1102e4e00             Options.max_total_wal_size: 0
2020/11/28-16:04:39.695560 1102e4e00             Options.delete_obsolete_files_period_micros: 21600000000
2020/11/28-16:04:39.695561 1102e4e00                   Options.stats_dump_period_sec: 600
2020/11/28-16:04:39.695562 1102e4e00                 Options.stats_persist_period_sec: 600
2020/11/28-16:04:39.695563 1102e4e00                 Options.stats_history_buffer_size: 1048576
2020/11/28-16:04:39.695564 1102e4e00                          Options.max_open_files: -1
2020/11/28-16:04:39.695565 1102e4e00                          Options.bytes_per_sync: 0
2020/11/28-16:04:39.695566 1102e4e00                      Options.wal_bytes_per_sync: 0
2020/11/28-16:04:39.695567 1102e4e00                   Options.strict_bytes_per_sync: 0
2020/11/28-16:04:39.695567 1102e4e00       Options.compaction_readahead_size: 0
2020/11/28-16:04:39.695568 1102e4e00                  Options.max_background_flushes: -1
2020/11/28-16:04:39.695569 1102e4e00 Compression algorithms supported:
2020/11/28-16:04:39.695570 1102e4e00 	kZSTD supported: 0
2020/11/28-16:04:39.695572 1102e4e00 	kZlibCompression supported: 0
2020/11/28-16:04:39.695573 1102e4e00 	kXpressCompression supported: 0
2020/11/28-16:04:39.695574 1102e4e00 	kSnappyCompression supported: 0
2020/11/28-16:04:39.695575 1102e4e00 	kZSTDNotFinalCompression supported: 0
2020/11/28-16:04:39.695575 1102e4e00 	kLZ4HCCompression supported: 0
2020/11/28-16:04:39.695576 1102e4e00 	kLZ4Compression supported: 0
2020/11/28-16:04:39.695577 1102e4e00 	kBZip2Compression supported: 0
2020/11/28-16:04:39.695581 1102e4e00 Fast CRC32 supported: Supported on x86
2020/11/28-16:04:39.695733 1102e4e00 [db/version_set.cc:4555] Recovering from manifest file: ./database/alphanet/MANIFEST-000193
2020/11/28-16:04:39.695812 1102e4e00 [db/column_family.cc:579] --------------- Options for column family [default]:
2020/11/28-16:04:39.695817 1102e4e00               Options.comparator: leveldb.BytewiseComparator
2020/11/28-16:04:39.695818 1102e4e00           Options.merge_operator: None
2020/11/28-16:04:39.695819 1102e4e00        Options.compaction_filter: None
2020/11/28-16:04:39.695820 1102e4e00        Options.compaction_filter_factory: None
2020/11/28-16:04:39.695821 1102e4e00         Options.memtable_factory: SkipListFactory
2020/11/28-16:04:39.695822 1102e4e00            Options.table_factory: BlockBasedTable
2020/11/28-16:04:39.695838 1102e4e00            table_factory options:   flush_block_policy_factory: FlushBlockBySizePolicyFactory (0x7fad76517910)
  cache_index_and_filter_blocks: 0
  cache_index_and_filter_blocks_with_high_priority: 1
  pin_l0_filter_and_index_blocks_in_cache: 0
  pin_top_level_index_and_filter: 1
  index_type: 0
  data_block_index_type: 0
  index_shortening: 1
  data_block_hash_table_util_ratio: 0.750000
  hash_index_allow_collision: 1
  checksum: 1
  no_block_cache: 0
  block_cache: 0x7fad76517958
  block_cache_name: LRUCache
  block_cache_options:
    capacity : 8388608
    num_shard_bits : 4
    strict_capacity_limit : 0
    memory_allocator : None
    high_pri_pool_ratio: 0.000
  block_cache_compressed: 0x0
  persistent_cache: 0x0
  block_size: 4096
  block_size_deviation: 10
  block_restart_interval: 16
  index_block_restart_interval: 1
  metadata_block_size: 4096
  partition_filters: 0
  use_delta_encoding: 1
  filter_policy: nullptr
  whole_key_filtering: 1
  verify_compression: 0
  read_amp_bytes_per_bit: 0
  format_version: 4
  enable_index_compression: 1
  block_align: 0
2020/11/28-16:04:39.695840 1102e4e00        Options.write_buffer_size: 67108864
2020/11/28-16:04:39.695841 1102e4e00  Options.max_write_buffer_number: 2
2020/11/28-16:04:39.695842 1102e4e00          Options.compression: NoCompression
2020/11/28-16:04:39.695843 1102e4e00                  Options.bottommost_compression: Disabled
2020/11/28-16:04:39.695844 1102e4e00       Options.prefix_extractor: nullptr
2020/11/28-16:04:39.695845 1102e4e00   Options.memtable_insert_with_hint_prefix_extractor: nullptr
2020/11/28-16:04:39.695846 1102e4e00             Options.num_levels: 7
2020/11/28-16:04:39.695847 1102e4e00        Options.min_write_buffer_number_to_merge: 1
2020/11/28-16:04:39.695848 1102e4e00     Options.max_write_buffer_number_to_maintain: 0
2020/11/28-16:04:39.695849 1102e4e00     Options.max_write_buffer_size_to_maintain: 0
2020/11/28-16:04:39.695850 1102e4e00            Options.bottommost_compression_opts.window_bits: -14
2020/11/28-16:04:39.695851 1102e4e00                  Options.bottommost_compression_opts.level: 32767
2020/11/28-16:04:39.695852 1102e4e00               Options.bottommost_compression_opts.strategy: 0
2020/11/28-16:04:39.695853 1102e4e00         Options.bottommost_compression_opts.max_dict_bytes: 0
2020/11/28-16:04:39.695854 1102e4e00         Options.bottommost_compression_opts.zstd_max_train_bytes: 0
2020/11/28-16:04:39.695855 1102e4e00         Options.bottommost_compression_opts.parallel_threads: 1
2020/11/28-16:04:39.695855 1102e4e00                  Options.bottommost_compression_opts.enabled: false
2020/11/28-16:04:39.695856 1102e4e00            Options.compression_opts.window_bits: -14
2020/11/28-16:04:39.695857 1102e4e00                  Options.compression_opts.level: 32767
2020/11/28-16:04:39.695858 1102e4e00               Options.compression_opts.strategy: 0
2020/11/28-16:04:39.695859 1102e4e00         Options.compression_opts.max_dict_bytes: 0
2020/11/28-16:04:39.695860 1102e4e00         Options.compression_opts.zstd_max_train_bytes: 0
2020/11/28-16:04:39.695861 1102e4e00         Options.compression_opts.parallel_threads: 1
2020/11/28-16:04:39.695862 1102e4e00                  Options.compression_opts.enabled: false
2020/11/28-16:04:39.695863 1102e4e00      Options.level0_file_num_compaction_trigger: 4
2020/11/28-16:04:39.695864 1102e4e00          Options.level0_slowdown_writes_trigger: 20
2020/11/28-16:04:39.695882 1102e4e00              Options.level0_stop_writes_trigger: 36
2020/11/28-16:04:39.695883 1102e4e00                   Options.target_file_size_base: 67108864
2020/11/28-16:04:39.695884 1102e4e00             Options.target_file_size_multiplier: 1
2020/11/28-16:04:39.695885 1102e4e00                Options.max_bytes_for_level_base: 268435456
2020/11/28-16:04:39.695886 1102e4e00 Options.level_compaction_dynamic_level_bytes: 0
2020/11/28-16:04:39.695887 1102e4e00          Options.max_bytes_for_level_multiplier: 10.000000
2020/11/28-16:04:39.695888 1102e4e00 Options.max_bytes_for_level_multiplier_addtl[0]: 1
2020/11/28-16:04:39.695889 1102e4e00 Options.max_bytes_for_level_multiplier_addtl[1]: 1
2020/11/28-16:04:39.695890 1102e4e00 Options.max_bytes_for_level_multiplier_addtl[2]: 1
2020/11/28-16:04:39.695891 1102e4e00 Options.max_bytes_for_level_multiplier_addtl[3]: 1
2020/11/28-16:04:39.695892 1102e4e00 Options.max_bytes_for_level_multiplier_addtl[4]: 1
2020/11/28-16:04:39.695893 1102e4e00 Options.max_bytes_for_level_multiplier_addtl[5]: 1
2020/11/28-16:04:39.695894 1102e4e00 Options.max_bytes_for_level_multiplier_addtl[6]: 1
2020/11/28-16:04:39.695895 1102e4e00       Options.max_sequential_skip_in_iterations: 8
2020/11/28-16:04:39.695896 1102e4e00                    Options.max_compaction_bytes: 1677721600
2020/11/28-16:04:39.695897 1102e4e00                        Options.arena_block_size: 8388608
2020/11/28-16:04:39.695898 1102e4e00   Options.soft_pending_compaction_bytes_limit: 68719476736
2020/11/28-16:04:39.695899 1102e4e00   Options.hard_pending_compaction_bytes_limit: 274877906944
2020/11/28-16:04:39.695900 1102e4e00       Options.rate_limit_delay_max_milliseconds: 100
2020/11/28-16:04:39.695901 1102e4e00                Options.disable_auto_compactions: 0
2020/11/28-16:04:39.695902 1102e4e00                        Options.compaction_style: kCompactionStyleLevel
2020/11/28-16:04:39.695903 1102e4e00                          Options.compaction_pri: kMinOverlappingRatio
2020/11/28-16:04:39.695904 1102e4e00 Options.compaction_options_universal.size_ratio: 1
2020/11/28-16:04:39.695905 1102e4e00 Options.compaction_options_universal.min_merge_width: 2
2020/11/28-16:04:39.695906 1102e4e00 Options.compaction_options_universal.max_merge_width: 4294967295
2020/11/28-16:04:39.695907 1102e4e00 Options.compaction_options_universal.max_size_amplification_percent: 200
2020/11/28-16:04:39.695908 1102e4e00 Options.compaction_options_universal.compression_size_percent: -1
2020/11/28-16:04:39.695909 1102e4e00 Options.compaction_options_universal.stop_style: kCompactionStopStyleTotalSize
2020/11/28-16:04:39.695910 1102e4e00 Options.compaction_options_fifo.max_table_files_size: 1073741824
2020/11/28-16:04:39.695911 1102e4e00 Options.compaction_options_fifo.allow_compaction: 0
2020/11/28-16:04:39.695918 1102e4e00                   Options.table_properties_collectors: 
2020/11/28-16:04:39.695919 1102e4e00                   Options.inplace_update_support: 0
2020/11/28-16:04:39.695920 1102e4e00                 Options.inplace_update_num_locks: 10000
2020/11/28-16:04:39.695921 1102e4e00               Options.memtable_prefix_bloom_size_ratio: 0.000000
2020/11/28-16:04:39.695922 1102e4e00               Options.memtable_whole_key_filtering: 0
2020/11/28-16:04:39.695923 1102e4e00   Options.memtable_huge_page_size: 0
2020/11/28-16:04:39.695924 1102e4e00                           Options.bloom_locality: 0
2020/11/28-16:04:39.695925 1102e4e00                    Options.max_successive_merges: 0
2020/11/28-16:04:39.695926 1102e4e00                Options.optimize_filters_for_hits: 0
2020/11/28-16:04:39.695926 1102e4e00                Options.paranoid_file_checks: 0
2020/11/28-16:04:39.695927 1102e4e00                Options.force_consistency_checks: 0
2020/11/28-16:04:39.695928 1102e4e00                Options.report_bg_io_stats: 0
2020/11/28-16:04:39.695929 1102e4e00                               Options.ttl: 2592000
2020/11/28-16:04:39.695930 1102e4e00          Options.periodic_compaction_seconds: 0
2020/11/28-16:04:39.696035 1102e4e00 [db/column_family.cc:579] --------------- Options for column family [message_id_to_message]:
2020/11/28-16:04:39.696038 1102e4e00               Options.comparator: leveldb.BytewiseComparator
2020/11/28-16:04:39.696039 1102e4e00           Options.merge_operator: None
2020/11/28-16:04:39.696040 1102e4e00        Options.compaction_filter: None
2020/11/28-16:04:39.696041 1102e4e00        Options.compaction_filter_factory: None
2020/11/28-16:04:39.696042 1102e4e00         Options.memtable_factory: SkipListFactory
2020/11/28-16:04:39.696043 1102e4e00            Options.table_factory: BlockBasedTable
2020/11/28-16:04:39.696057 1102e4e00            table_factory options:   flush_block_policy_factory: FlushBlockBySizePolicyFactory (0x7fad76511070)
  cache_index_and_filter_blocks: 0
  cache_index_and_filter_blocks_with_high_priority: 1
  pin_l0_filter_and_index_blocks_in_cache: 0
  pin_top_level_index_and_filter: 1
  index_type: 0
  data_block_index_type: 0
  index_shortening: 1
  data_block_hash_table_util_ratio: 0.750000
  hash_index_allow_collision: 1
  checksum: 1
  no_block_cache: 0
  block_cache: 0x7fad76511b58
  block_cache_name: LRUCache
  block_cache_options:
    capacity : 8388608
    num_shard_bits : 4
    strict_capacity_limit : 0
    memory_allocator : None
    high_pri_pool_ratio: 0.000
  block_cache_compressed: 0x0
  persistent_cache: 0x0
  block_size: 4096
  block_size_deviation: 10
  block_restart_interval: 16
  index_block_restart_interval: 1
  metadata_block_size: 4096
  partition_filters: 0
  use_delta_encoding: 1
  filter_policy: nullptr
  whole_key_filtering: 1
  verify_compression: 0
  read_amp_bytes_per_bit: 0
  format_version: 4
  enable_index_compression: 1
  block_align: 0
2020/11/28-16:04:39.696058 1102e4e00        Options.write_buffer_size: 67108864
2020/11/28-16:04:39.696059 1102e4e00  Options.max_write_buffer_number: 2
2020/11/28-16:04:39.696060 1102e4e00          Options.compression: NoCompression
2020/11/28-16:04:39.696061 1102e4e00                  Options.bottommost_compression: Disabled
2020/11/28-16:04:39.696062 1102e4e00       Options.prefix_extractor: nullptr
2020/11/28-16:04:39.696063 1102e4e00   Options.memtable_insert_with_hint_prefix_extractor: nullptr
2020/11/28-16:04:39.696064 1102e4e00             Options.num_levels: 7
2020/11/28-16:04:39.696065 1102e4e00        Options.min_write_buffer_number_to_merge: 1
2020/11/28-16:04:39.696066 1102e4e00     Options.max_write_buffer_number_to_maintain: 0
2020/11/28-16:04:39.696067 1102e4e00     Options.max_write_buffer_size_to_maintain: 0
2020/11/28-16:04:39.696068 1102e4e00            Options.bottommost_compression_opts.window_bits: -14
2020/11/28-16:04:39.696069 1102e4e00                  Options.bottommost_compression_opts.level: 32767
2020/11/28-16:04:39.696070 1102e4e00               Options.bottommost_compression_opts.strategy: 0
2020/11/28-16:04:39.696071 1102e4e00         Options.bottommost_compression_opts.max_dict_bytes: 0
2020/11/28-16:04:39.696072 1102e4e00         Options.bottommost_compression_opts.zstd_max_train_bytes: 0
2020/11/28-16:04:39.696073 1102e4e00         Options.bottommost_compression_opts.parallel_threads: 1
2020/11/28-16:04:39.696073 1102e4e00                  Options.bottommost_compression_opts.enabled: false
2020/11/28-16:04:39.696074 1102e4e00            Options.compression_opts.window_bits: -14
2020/11/28-16:04:39.696075 1102e4e00                  Options.compression_opts.level: 32767
2020/11/28-16:04:39.696076 1102e4e00               Options.compression_opts.strategy: 0
2020/11/28-16:04:39.696077 1102e4e00         Options.compression_opts.max_dict_bytes: 0
2020/11/28-16:04:39.696078 1102e4e00         Options.compression_opts.zstd_max_train_bytes: 0
2020/11/28-16:04:39.696079 1102e4e00         Options.compression_opts.parallel_threads: 1
2020/11/28-16:04:39.696080 1102e4e00                  Options.compression_opts.enabled: false
2020/11/28-16:04:39.696081 1102e4e00      Options.level0_file_num_compaction_trigger: 4
2020/11/28-16:04:39.696082 1102e4e00          Options.level0_slowdown_writes_trigger: 20
2020/11/28-16:04:39.696099 1102e4e00              Options.level0_stop_writes_trigger: 36
2020/11/28-16:04:39.696101 1102e4e00                   Options.target_file_size_base: 67108864
2020/11/28-16:04:39.696102 1102e4e00             Options.target_file_size_multiplier: 1
2020/11/28-16:04:39.696103 1102e4e00                Options.max_bytes_for_level_base: 268435456
2020/11/28-16:04:39.696104 1102e4e00 Options.level_compaction_dynamic_level_bytes: 0
2020/11/28-16:04:39.696105 1102e4e00          Options.max_bytes_for_level_multiplier: 10.000000
2020/11/28-16:04:39.696106 1102e4e00 Options.max_bytes_for_level_multiplier_addtl[0]: 1
2020/11/28-16:04:39.696107 1102e4e00 Options.max_bytes_for_level_multiplier_addtl[1]: 1
2020/11/28-16:04:39.696108 1102e4e00 Options.max_bytes_for_level_multiplier_addtl[2]: 1
2020/11/28-16:04:39.696109 1102e4e00 Options.max_bytes_for_level_multiplier_addtl[3]: 1
2020/11/28-16:04:39.696110 1102e4e00 Options.max_bytes_for_level_multiplier_addtl[4]: 1
2020/11/28-16:04:39.696111 1102e4e00 Options.max_bytes_for_level_multiplier_addtl[5]: 1
2020/11/28-16:04:39.696111 1102e4e00 Options.max_bytes_for_level_multiplier_addtl[6]: 1
2020/11/28-16:04:39.696112 1102e4e00       Options.max_sequential_skip_in_iterations: 8
2020/11/28-16:04:39.696113 1102e4e00                    Options.max_compaction_bytes: 1677721600
2020/11/28-16:04:39.696114 1102e4e00                        Options.arena_block_size: 8388608
2020/11/28-16:04:39.696115 1102e4e00   Options.soft_pending_compaction_bytes_limit: 68719476736
2020/11/28-16:04:39.696116 1102e4e00   Options.hard_pending_compaction_bytes_limit: 274877906944
2020/11/28-16:04:39.696117 1102e4e00       Options.rate_limit_delay_max_milliseconds: 100
2020/11/28-16:04:39.696118 1102e4e00                Options.disable_auto_compactions: 0
2020/11/28-16:04:39.696119 1102e4e00                        Options.compaction_style: kCompactionStyleLevel
2020/11/28-16:04:39.696120 1102e4e00                          Options.compaction_pri: kMinOverlappingRatio
2020/11/28-16:04:39.696121 1102e4e00 Options.compaction_options_universal.size_ratio: 1
2020/11/28-16:04:39.696122 1102e4e00 Options.compaction_options_universal.min_merge_width: 2
2020/11/28-16:04:39.696123 1102e4e00 Options.compaction_options_universal.max_merge_width: 4294967295
2020/11/28-16:04:39.696124 1102e4e00 Options.compaction_options_universal.max_size_amplification_percent: 200
2020/11/28-16:04:39.696125 1102e4e00 Options.compaction_options_universal.compression_size_percent: -1
2020/11/28-16:04:39.696126 1102e4e00 Options.compaction_options_universal.stop_style: kCompactionStopStyleTotalSize
2020/11/28-16:04:39.696127 1102e4e00 Options.compaction_options_fifo.max_table_files_size: 1073741824
2020/11/28-16:04:39.696128 1102e4e00 Options.compaction_options_fifo.allow_compaction: 0
2020/11/28-16:04:39.696130 1102e4e00                   Options.table_properties_collectors: 
2020/11/28-16:04:39.696131 1102e4e00                   Options.inplace_update_support: 0
2020/11/28-16:04:39.696132 1102e4e00                 Options.inplace_update_num_locks: 10000
2020/11/28-16:04:39.696133 1102e4e00               Options.memtable_prefix_bloom_size_ratio: 0.000000
2020/11/28-16:04:39.696134 1102e4e00               Options.memtable_whole_key_filtering: 0
2020/11/28-16:04:39.696134 1102e4e00   Options.memtable_huge_page_size: 0
2020/11/28-16:04:39.696135 1102e4e00                           Options.bloom_locality: 0
2020/11/28-16:04:39.696136 1102e4e00                    Options.max_successive_merges: 0
2020/11/28-16:04:39.696137 1102e4e00                Options.optimize_filters_for_hits: 0
2020/11/28-16:04:39.696138 1102e4e00                Options.paranoid_file_checks: 0
2020/11/28-16:04:39.696139 1102e4e00                Options.force_consistency_checks: 0
2020/11/28-16:04:39.696140 1102e4e00                Options.report_bg_io_stats: 0
2020/11/28-16:04:39.696141 1102e4e00                               Options.ttl: 2592000
2020/11/28-16:04:39.696142 1102e4e00          Options.periodic_compaction_seconds: 0
2020/11/28-16:04:39.696190 1102e4e00 [db/column_family.cc:579] --------------- Options for column family [message_id_to_message_id]:
2020/11/28-16:04:39.696192 1102e4e00               Options.comparator: leveldb.BytewiseComparator
2020/11/28-16:04:39.696193 1102e4e00           Options.merge_operator: None
2020/11/28-16:04:39.696194 1102e4e00        Options.compaction_filter: None
2020/11/28-16:04:39.696195 1102e4e00        Options.compaction_filter_factory: None
2020/11/28-16:04:39.696196 1102e4e00         Options.memtable_factory: SkipListFactory
2020/11/28-16:04:39.696197 1102e4e00            Options.table_factory: BlockBasedTable
2020/11/28-16:04:39.696210 1102e4e00            table_factory options:   flush_block_policy_factory: FlushBlockBySizePolicyFactory (0x7fad76513230)
  cache_index_and_filter_blocks: 0
  cache_index_and_filter_blocks_with_high_priority: 1
  pin_l0_filter_and_index_blocks_in_cache: 0
  pin_top_level_index_and_filter: 1
  index_type: 0
  data_block_index_type: 0
  index_shortening: 1
  data_block_hash_table_util_ratio: 0.750000
  hash_index_allow_collision: 1
  checksum: 1
  no_block_cache: 0
  block_cache: 0x7fad76513278
  block_cache_name: LRUCache
  block_cache_options:
    capacity : 8388608
    num_shard_bits : 4
    strict_capacity_limit : 0
    memory_allocator : None
    high_pri_pool_ratio: 0.000
  block_cache_compressed: 0x0
  persistent_cache: 0x0
  block_size: 4096
  block_size_deviation: 10
  block_restart_interval: 16
  index_block_restart_interval: 1
  metadata_block_size: 4096
  partition_filters: 0
  use_delta_encoding: 1
  filter_policy: nullptr
  whole_key_filtering: 1
  verify_compression: 0
  read_amp_bytes_per_bit: 0
  format_version: 4
  enable_index_compression: 1
  block_align: 0
2020/11/28-16:04:39.696211 1102e4e00        Options.write_buffer_size: 67108864
2020/11/28-16:04:39.696212 1102e4e00  Options.max_write_buffer_number: 2
2020/11/28-16:04:39.696213 1102e4e00          Options.compression: NoCompression
2020/11/28-16:04:39.696214 1102e4e00                  Options.bottommost_compression: Disabled
2020/11/28-16:04:39.696215 1102e4e00       Options.prefix_extractor: rocksdb.FixedPrefix.32
2020/11/28-16:04:39.696216 1102e4e00   Options.memtable_insert_with_hint_prefix_extractor: nullptr
2020/11/28-16:04:39.696217 1102e4e00             Options.num_levels: 7
2020/11/28-16:04:39.696218 1102e4e00        Options.min_write_buffer_number_to_merge: 1
2020/11/28-16:04:39.696219 1102e4e00     Options.max_write_buffer_number_to_maintain: 0
2020/11/28-16:04:39.696220 1102e4e00     Options.max_write_buffer_size_to_maintain: 0
2020/11/28-16:04:39.696221 1102e4e00            Options.bottommost_compression_opts.window_bits: -14
2020/11/28-16:04:39.696222 1102e4e00                  Options.bottommost_compression_opts.level: 32767
2020/11/28-16:04:39.696223 1102e4e00               Options.bottommost_compression_opts.strategy: 0
2020/11/28-16:04:39.696224 1102e4e00         Options.bottommost_compression_opts.max_dict_bytes: 0
2020/11/28-16:04:39.696224 1102e4e00         Options.bottommost_compression_opts.zstd_max_train_bytes: 0
2020/11/28-16:04:39.696225 1102e4e00         Options.bottommost_compression_opts.parallel_threads: 1
2020/11/28-16:04:39.696226 1102e4e00                  Options.bottommost_compression_opts.enabled: false
2020/11/28-16:04:39.696227 1102e4e00            Options.compression_opts.window_bits: -14
2020/11/28-16:04:39.696228 1102e4e00                  Options.compression_opts.level: 32767
2020/11/28-16:04:39.696229 1102e4e00               Options.compression_opts.strategy: 0
2020/11/28-16:04:39.696230 1102e4e00         Options.compression_opts.max_dict_bytes: 0
2020/11/28-16:04:39.696231 1102e4e00         Options.compression_opts.zstd_max_train_bytes: 0
2020/11/28-16:04:39.696232 1102e4e00         Options.compression_opts.parallel_threads: 1
2020/11/28-16:04:39.696233 1102e4e00                  Options.compression_opts.enabled: false
2020/11/28-16:04:39.696234 1102e4e00      Options.level0_file_num_compaction_trigger: 4
2020/11/28-16:04:39.696235 1102e4e00          Options.level0_slowdown_writes_trigger: 20
2020/11/28-16:04:39.696251 1102e4e00              Options.level0_stop_writes_trigger: 36
2020/11/28-16:04:39.696252 1102e4e00                   Options.target_file_size_base: 67108864
2020/11/28-16:04:39.696253 1102e4e00             Options.target_file_size_multiplier: 1
2020/11/28-16:04:39.696254 1102e4e00                Options.max_bytes_for_level_base: 268435456
2020/11/28-16:04:39.696255 1102e4e00 Options.level_compaction_dynamic_level_bytes: 0
2020/11/28-16:04:39.696256 1102e4e00          Options.max_bytes_for_level_multiplier: 10.000000
2020/11/28-16:04:39.696257 1102e4e00 Options.max_bytes_for_level_multiplier_addtl[0]: 1
2020/11/28-16:04:39.696258 1102e4e00 Options.max_bytes_for_level_multiplier_addtl[1]: 1
2020/11/28-16:04:39.696259 1102e4e00 Options.max_bytes_for_level_multiplier_addtl[2]: 1
2020/11/28-16:04:39.696260 1102e4e00 Options.max_bytes_for_level_multiplier_addtl[3]: 1
2020/11/28-16:04:39.696261 1102e4e00 Options.max_bytes_for_level_multiplier_addtl[4]: 1
2020/11/28-16:04:39.696262 1102e4e00 Options.max_bytes_for_level_multiplier_addtl[5]: 1
2020/11/28-16:04:39.696263 1102e4e00 Options.max_bytes_for_level_multiplier_addtl[6]: 1
2020/11/28-16:04:39.696264 1102e4e00       Options.max_sequential_skip_in_iterations: 8
2020/11/28-16:04:39.696264 1102e4e00                    Options.max_compaction_bytes: 1677721600
2020/11/28-16:04:39.696265 1102e4e00                        Options.arena_block_size: 8388608
2020/11/28-16:04:39.696266 1102e4e00   Options.soft_pending_compaction_bytes_limit: 68719476736
2020/11/28-16:04:39.696267 1102e4e00   Options.hard_pending_compaction_bytes_limit: 274877906944
2020/11/28-16:04:39.696268 1102e4e00       Options.rate_limit_delay_max_milliseconds: 100
2020/11/28-16:04:39.696269 1102e4e00                Options.disable_auto_compactions: 0
2020/11/28-16:04:39.696270 1102e4e00                        Options.compaction_style: kCompactionStyleLevel
2020/11/28-16:04:39.696271 1102e4e00                          Options.compaction_pri: kMinOverlappingRatio
2020/11/28-16:04:39.696272 1102e4e00 Options.compaction_options_universal.size_ratio: 1
2020/11/28-16:04:39.696273 1102e4e00 Options.compaction_options_universal.min_merge_width: 2
2020/11/28-16:04:39.696274 1102e4e00 Options.compaction_options_universal.max_merge_width: 4294967295
2020/11/28-16:04:39.696275 1102e4e00 Options.compaction_options_universal.max_size_amplification_percent: 200
2020/11/28-16:04:39.696276 1102e4e00 Options.compaction_options_universal.compression_size_percent: -1
2020/11/28-16:04:39.696277 1102e4e00 Options.compaction_options_universal.stop_style: kCompactionStopStyleTotalSize
2020/11/28-16:04:39.696278 1102e4e00 Options.compaction_options_fifo.max_table_files_size: 1073741824
2020/11/28-16:04:39.696279 1102e4e00 Options.compaction_options_fifo.allow_compaction: 0
2020/11/28-16:04:39.696280 1102e4e00                   Options.table_properties_collectors: 
2020/11/28-16:04:39.696281 1102e4e00                   Options.inplace_update_support: 0
2020/11/28-16:04:39.696282 1102e4e00                 Options.inplace_update_num_locks: 10000
2020/11/28-16:04:39.696283 1102e4e00               Options.memtable_prefix_bloom_size_ratio: 0.000000
2020/11/28-16:04:39.696284 1102e4e00               Options.memtable_whole_key_filtering: 0
2020/11/28-16:04:39.696285 1102e4e00   Options.memtable_huge_page_size: 0
2020/11/28-16:04:39.696286 1102e4e00                           Options.bloom_locality: 0
2020/11/28-16:04:39.696287 1102e4e00                    Options.max_successive_merges: 0
2020/11/28-16:04:39.696288 1102e4e00                Options.optimize_filters_for_hits: 0
2020/11/28-16:04:39.696289 1102e4e00                Options.paranoid_file_checks: 0
2020/11/28-16:04:39.696290 1102e4e00                Options.force_consistency_checks: 0
2020/11/28-16:04:39.696291 1102e4e00                Options.report_bg_io_stats: 0
2020/11/28-16:04:39.696292 1102e4e00                               Options.ttl: 2592000
2020/11/28-16:04:39.696293 1102e4e00          Options.periodic_compaction_seconds: 0
2020/11/28-16:04:39.696339 1102e4e00 [db/column_family.cc:579] --------------- Options for column family [index_to_message_id]:
2020/11/28-16:04:39.696342 1102e4e00               Options.comparator: leveldb.BytewiseComparator
2020/11/28-16:04:39.696342 1102e4e00           Options.merge_operator: None
2020/11/28-16:04:39.696343 1102e4e00        Options.compaction_filter: None
2020/11/28-16:04:39.696344 1102e4e00        Options.compaction_filter_factory: None
2020/11/28-16:04:39.696345 1102e4e00         Options.memtable_factory: SkipListFactory
2020/11/28-16:04:39.696346 1102e4e00            Options.table_factory: BlockBasedTable
2020/11/28-16:04:39.696361 1102e4e00            table_factory options:   flush_block_policy_factory: FlushBlockBySizePolicyFactory (0x7fad76513e20)
  cache_index_and_filter_blocks: 0
  cache_index_and_filter_blocks_with_high_priority: 1
  pin_l0_filter_and_index_blocks_in_cache: 0
  pin_top_level_index_and_filter: 1
  index_type: 0
  data_block_index_type: 0
  index_shortening: 1
  data_block_hash_table_util_ratio: 0.750000
  hash_index_allow_collision: 1
  checksum: 1
  no_block_cache: 0
  block_cache: 0x7fad76513e68
  block_cache_name: LRUCache
  block_cache_options:
    capacity : 8388608
    num_shard_bits : 4
    strict_capacity_limit : 0
    memory_allocator : None
    high_pri_pool_ratio: 0.000
  block_cache_compressed: 0x0
  persistent_cache: 0x0
  block_size: 4096
  block_size_deviation: 10
  block_restart_interval: 16
  index_block_restart_interval: 1
  metadata_block_size: 4096
  partition_filters: 0
  use_delta_encoding: 1
  filter_policy: nullptr
  whole_key_filtering: 1
  verify_compression: 0
  read_amp_bytes_per_bit: 0
  format_version: 4
  enable_index_compression: 1
  block_align: 0
2020/11/28-16:04:39.696362 1102e4e00        Options.write_buffer_size: 67108864
2020/11/28-16:04:39.696363 1102e4e00  Options.max_write_buffer_number: 2
2020/11/28-16:04:39.696364 1102e4e00          Options.compression: NoCompression
2020/11/28-16:04:39.696365 1102e4e00                  Options.bottommost_compression: Disabled
2020/11/28-16:04:39.696366 1102e4e00       Options.prefix_extractor: rocksdb.FixedPrefix.32
2020/11/28-16:04:39.696367 1102e4e00   Options.memtable_insert_with_hint_prefix_extractor: nullptr
2020/11/28-16:04:39.696368 1102e4e00             Options.num_levels: 7
2020/11/28-16:04:39.696369 1102e4e00        Options.min_write_buffer_number_to_merge: 1
2020/11/28-16:04:39.696384 1102e4e00     Options.max_write_buffer_number_to_maintain: 0
2020/11/28-16:04:39.696385 1102e4e00     Options.max_write_buffer_size_to_maintain: 0
2020/11/28-16:04:39.696386 1102e4e00            Options.bottommost_compression_opts.window_bits: -14
2020/11/28-16:04:39.696387 1102e4e00                  Options.bottommost_compression_opts.level: 32767
2020/11/28-16:04:39.696388 1102e4e00               Options.bottommost_compression_opts.strategy: 0
2020/11/28-16:04:39.696389 1102e4e00         Options.bottommost_compression_opts.max_dict_bytes: 0
2020/11/28-16:04:39.696390 1102e4e00         Options.bottommost_compression_opts.zstd_max_train_bytes: 0
2020/11/28-16:04:39.696390 1102e4e00         Options.bottommost_compression_opts.parallel_threads: 1
2020/11/28-16:04:39.696391 1102e4e00                  Options.bottommost_compression_opts.enabled: false
2020/11/28-16:04:39.696392 1102e4e00            Options.compression_opts.window_bits: -14
2020/11/28-16:04:39.696393 1102e4e00                  Options.compression_opts.level: 32767
2020/11/28-16:04:39.696394 1102e4e00               Options.compression_opts.strategy: 0
2020/11/28-16:04:39.696395 1102e4e00         Options.compression_opts.max_dict_bytes: 0
2020/11/28-16:04:39.696396 1102e4e00         Options.compression_opts.zstd_max_train_bytes: 0
2020/11/28-16:04:39.696397 1102e4e00         Options.compression_opts.parallel_threads: 1
2020/11/28-16:04:39.696398 1102e4e00                  Options.compression_opts.enabled: false
2020/11/28-16:04:39.696399 1102e4e00      Options.level0_file_num_compaction_trigger: 4
2020/11/28-16:04:39.696414 1102e4e00          Options.level0_slowdown_writes_trigger: 20
2020/11/28-16:04:39.696415 1102e4e00              Options.level0_stop_writes_trigger: 36
2020/11/28-16:04:39.696416 1102e4e00                   Options.target_file_size_base: 67108864
2020/11/28-16:04:39.696417 1102e4e00             Options.target_file_size_multiplier: 1
2020/11/28-16:04:39.696418 1102e4e00                Options.max_bytes_for_level_base: 268435456
2020/11/28-16:04:39.696419 1102e4e00 Options.level_compaction_dynamic_level_bytes: 0
2020/11/28-16:04:39.696419 1102e4e00          Options.max_bytes_for_level_multiplier: 10.000000
2020/11/28-16:04:39.696421 1102e4e00 Options.max_bytes_for_level_multiplier_addtl[0]: 1
2020/11/28-16:04:39.696422 1102e4e00 Options.max_bytes_for_level_multiplier_addtl[1]: 1
2020/11/28-16:04:39.696422 1102e4e00 Options.max_bytes_for_level_multiplier_addtl[2]: 1
2020/11/28-16:04:39.696423 1102e4e00 Options.max_bytes_for_level_multiplier_addtl[3]: 1
2020/11/28-16:04:39.696424 1102e4e00 Options.max_bytes_for_level_multiplier_addtl[4]: 1
2020/11/28-16:04:39.696425 1102e4e00 Options.max_bytes_for_level_multiplier_addtl[5]: 1
2020/11/28-16:04:39.696426 1102e4e00 Options.max_bytes_for_level_multiplier_addtl[6]: 1
2020/11/28-16:04:39.696427 1102e4e00       Options.max_sequential_skip_in_iterations: 8
2020/11/28-16:04:39.696428 1102e4e00                    Options.max_compaction_bytes: 1677721600
2020/11/28-16:04:39.696429 1102e4e00                        Options.arena_block_size: 8388608
2020/11/28-16:04:39.696430 1102e4e00   Options.soft_pending_compaction_bytes_limit: 68719476736
2020/11/28-16:04:39.696431 1102e4e00   Options.hard_pending_compaction_bytes_limit: 274877906944
2020/11/28-16:04:39.696432 1102e4e00       Options.rate_limit_delay_max_milliseconds: 100
2020/11/28-16:04:39.696433 1102e4e00                Options.disable_auto_compactions: 0
2020/11/28-16:04:39.696433 1102e4e00                        Options.compaction_style: kCompactionStyleLevel
2020/11/28-16:04:39.696434 1102e4e00                          Options.compaction_pri: kMinOverlappingRatio
2020/11/28-16:04:39.696435 1102e4e00 Options.compaction_options_universal.size_ratio: 1
2020/11/28-16:04:39.696436 1102e4e00 Options.compaction_options_universal.min_merge_width: 2
2020/11/28-16:04:39.696437 1102e4e00 Options.compaction_options_universal.max_merge_width: 4294967295
2020/11/28-16:04:39.696438 1102e4e00 Options.compaction_options_universal.max_size_amplification_percent: 200
2020/11/28-16:04:39.696439 1102e4e00 Options.compaction_options_universal.compression_size_percent: -1
2020/11/28-16:04:39.696441 1102e4e00 Options.compaction_options_universal.stop_style: kCompactionStopStyleTotalSize
2020/11/28-16:04:39.696441 1102e4e00 Options.compaction_options_fifo.max_table_files_size: 1073741824
2020/11/28-16:04:39.696442 1102e4e00 Options.compaction_options_fifo.allow_compaction: 0
2020/11/28-16:04:39.696444 1102e4e00                   Options.table_properties_collectors: 
