2020/11/30-19:06:46.484206 10bfeae00 RocksDB version: 6.11.4
2020/11/30-19:06:46.484280 10bfeae00 Git sha rocksdb_build_git_sha:@48bfca38f6f175435052a59791922a1a453d9609@
2020/11/30-19:06:46.484283 10bfeae00 Compile date Nov 30 2020
2020/11/30-19:06:46.484285 10bfeae00 DB SUMMARY
2020/11/30-19:06:46.484712 10bfeae00 CURRENT file:  CURRENT
2020/11/30-19:06:46.484719 10bfeae00 IDENTITY file:  IDENTITY
2020/11/30-19:06:46.484729 10bfeae00 MANIFEST file:  MANIFEST-000673 size: 825 Bytes
2020/11/30-19:06:46.484732 10bfeae00 SST files in ./database/alphanet dir, Total Num: 0, files: 
2020/11/30-19:06:46.484733 10bfeae00 Write Ahead Log file in ./database/alphanet: 000674.log size: 0 ; 
2020/11/30-19:06:46.484758 10bfeae00                         Options.error_if_exists: 0
2020/11/30-19:06:46.484759 10bfeae00                       Options.create_if_missing: 1
2020/11/30-19:06:46.484761 10bfeae00                         Options.paranoid_checks: 1
2020/11/30-19:06:46.484762 10bfeae00                                     Options.env: 0x10354e4b8
2020/11/30-19:06:46.484763 10bfeae00                                      Options.fs: Posix File System
2020/11/30-19:06:46.484764 10bfeae00                                Options.info_log: 0x7fec6fc1b6c0
2020/11/30-19:06:46.484765 10bfeae00                Options.max_file_opening_threads: 16
2020/11/30-19:06:46.484766 10bfeae00                              Options.statistics: 0x7fec6fc1a508
2020/11/30-19:06:46.484767 10bfeae00                               Options.use_fsync: 0
2020/11/30-19:06:46.484768 10bfeae00                       Options.max_log_file_size: 0
2020/11/30-19:06:46.484769 10bfeae00                  Options.max_manifest_file_size: 1073741824
2020/11/30-19:06:46.484770 10bfeae00                   Options.log_file_time_to_roll: 0
2020/11/30-19:06:46.484771 10bfeae00                       Options.keep_log_file_num: 1000
2020/11/30-19:06:46.484772 10bfeae00                    Options.recycle_log_file_num: 0
2020/11/30-19:06:46.484773 10bfeae00                         Options.allow_fallocate: 1
2020/11/30-19:06:46.484774 10bfeae00                        Options.allow_mmap_reads: 0
2020/11/30-19:06:46.484775 10bfeae00                       Options.allow_mmap_writes: 0
2020/11/30-19:06:46.484776 10bfeae00                        Options.use_direct_reads: 0
2020/11/30-19:06:46.484777 10bfeae00                        Options.use_direct_io_for_flush_and_compaction: 0
2020/11/30-19:06:46.484778 10bfeae00          Options.create_missing_column_families: 1
2020/11/30-19:06:46.484779 10bfeae00                              Options.db_log_dir: 
2020/11/30-19:06:46.484780 10bfeae00                                 Options.wal_dir: ./database/alphanet
2020/11/30-19:06:46.484781 10bfeae00                Options.table_cache_numshardbits: 6
2020/11/30-19:06:46.484782 10bfeae00                      Options.max_subcompactions: 1
2020/11/30-19:06:46.484783 10bfeae00                         Options.WAL_ttl_seconds: 0
2020/11/30-19:06:46.484784 10bfeae00                       Options.WAL_size_limit_MB: 0
2020/11/30-19:06:46.484785 10bfeae00                        Options.max_write_batch_group_size_bytes: 1048576
2020/11/30-19:06:46.484786 10bfeae00             Options.manifest_preallocation_size: 4194304
2020/11/30-19:06:46.484788 10bfeae00                     Options.is_fd_close_on_exec: 1
2020/11/30-19:06:46.484789 10bfeae00                   Options.advise_random_on_open: 1
2020/11/30-19:06:46.484789 10bfeae00                    Options.db_write_buffer_size: 0
2020/11/30-19:06:46.484790 10bfeae00                    Options.write_buffer_manager: 0x7fec6fc1b630
2020/11/30-19:06:46.484792 10bfeae00         Options.access_hint_on_compaction_start: 1
2020/11/30-19:06:46.484793 10bfeae00  Options.new_table_reader_for_compaction_inputs: 0
2020/11/30-19:06:46.484793 10bfeae00           Options.random_access_max_buffer_size: 1048576
2020/11/30-19:06:46.484794 10bfeae00                      Options.use_adaptive_mutex: 0
2020/11/30-19:06:46.484795 10bfeae00                            Options.rate_limiter: 0x0
2020/11/30-19:06:46.484797 10bfeae00     Options.sst_file_manager.rate_bytes_per_sec: 0
2020/11/30-19:06:46.484843 10bfeae00                       Options.wal_recovery_mode: 2
2020/11/30-19:06:46.484845 10bfeae00                  Options.enable_thread_tracking: 0
2020/11/30-19:06:46.484846 10bfeae00                  Options.enable_pipelined_write: 0
2020/11/30-19:06:46.484847 10bfeae00                  Options.unordered_write: 0
2020/11/30-19:06:46.484850 10bfeae00         Options.allow_concurrent_memtable_write: 1
2020/11/30-19:06:46.484851 10bfeae00      Options.enable_write_thread_adaptive_yield: 1
2020/11/30-19:06:46.484852 10bfeae00             Options.write_thread_max_yield_usec: 100
2020/11/30-19:06:46.484853 10bfeae00            Options.write_thread_slow_yield_usec: 3
2020/11/30-19:06:46.484854 10bfeae00                               Options.row_cache: None
2020/11/30-19:06:46.484855 10bfeae00                              Options.wal_filter: None
2020/11/30-19:06:46.484856 10bfeae00             Options.avoid_flush_during_recovery: 0
2020/11/30-19:06:46.484857 10bfeae00             Options.allow_ingest_behind: 0
2020/11/30-19:06:46.484858 10bfeae00             Options.preserve_deletes: 0
2020/11/30-19:06:46.484860 10bfeae00             Options.two_write_queues: 0
2020/11/30-19:06:46.484860 10bfeae00             Options.manual_wal_flush: 0
2020/11/30-19:06:46.484861 10bfeae00             Options.atomic_flush: 1
2020/11/30-19:06:46.484862 10bfeae00             Options.avoid_unnecessary_blocking_io: 0
2020/11/30-19:06:46.484863 10bfeae00                 Options.persist_stats_to_disk: 0
2020/11/30-19:06:46.484864 10bfeae00                 Options.write_dbid_to_manifest: 0
2020/11/30-19:06:46.484866 10bfeae00                 Options.log_readahead_size: 0
2020/11/30-19:06:46.484867 10bfeae00                 Options.file_checksum_gen_factory: Unknown
2020/11/30-19:06:46.484869 10bfeae00                 Options.best_efforts_recovery: 0
2020/11/30-19:06:46.484870 10bfeae00             Options.max_background_jobs: 12
2020/11/30-19:06:46.484871 10bfeae00             Options.max_background_compactions: -1
2020/11/30-19:06:46.484873 10bfeae00             Options.avoid_flush_during_shutdown: 0
2020/11/30-19:06:46.484874 10bfeae00           Options.writable_file_max_buffer_size: 1048576
2020/11/30-19:06:46.484875 10bfeae00             Options.delayed_write_rate : 16777216
2020/11/30-19:06:46.484876 10bfeae00             Options.max_total_wal_size: 0
2020/11/30-19:06:46.484877 10bfeae00             Options.delete_obsolete_files_period_micros: 21600000000
2020/11/30-19:06:46.484878 10bfeae00                   Options.stats_dump_period_sec: 600
2020/11/30-19:06:46.484879 10bfeae00                 Options.stats_persist_period_sec: 600
2020/11/30-19:06:46.484880 10bfeae00                 Options.stats_history_buffer_size: 1048576
2020/11/30-19:06:46.484881 10bfeae00                          Options.max_open_files: -1
2020/11/30-19:06:46.484882 10bfeae00                          Options.bytes_per_sync: 0
2020/11/30-19:06:46.484883 10bfeae00                      Options.wal_bytes_per_sync: 0
2020/11/30-19:06:46.484886 10bfeae00                   Options.strict_bytes_per_sync: 0
2020/11/30-19:06:46.484887 10bfeae00       Options.compaction_readahead_size: 0
2020/11/30-19:06:46.484888 10bfeae00                  Options.max_background_flushes: -1
2020/11/30-19:06:46.484889 10bfeae00 Compression algorithms supported:
2020/11/30-19:06:46.484891 10bfeae00 	kZSTD supported: 0
2020/11/30-19:06:46.484892 10bfeae00 	kZlibCompression supported: 0
2020/11/30-19:06:46.484893 10bfeae00 	kXpressCompression supported: 0
2020/11/30-19:06:46.484894 10bfeae00 	kSnappyCompression supported: 0
2020/11/30-19:06:46.484895 10bfeae00 	kZSTDNotFinalCompression supported: 0
2020/11/30-19:06:46.484896 10bfeae00 	kLZ4HCCompression supported: 0
2020/11/30-19:06:46.484897 10bfeae00 	kLZ4Compression supported: 0
2020/11/30-19:06:46.484898 10bfeae00 	kBZip2Compression supported: 0
2020/11/30-19:06:46.484903 10bfeae00 Fast CRC32 supported: Supported on x86
2020/11/30-19:06:46.485073 10bfeae00 [db/version_set.cc:4555] Recovering from manifest file: ./database/alphanet/MANIFEST-000673
2020/11/30-19:06:46.485159 10bfeae00 [db/column_family.cc:579] --------------- Options for column family [default]:
2020/11/30-19:06:46.485162 10bfeae00               Options.comparator: leveldb.BytewiseComparator
2020/11/30-19:06:46.485163 10bfeae00           Options.merge_operator: None
2020/11/30-19:06:46.485164 10bfeae00        Options.compaction_filter: None
2020/11/30-19:06:46.485165 10bfeae00        Options.compaction_filter_factory: None
2020/11/30-19:06:46.485166 10bfeae00         Options.memtable_factory: SkipListFactory
2020/11/30-19:06:46.485168 10bfeae00            Options.table_factory: BlockBasedTable
2020/11/30-19:06:46.485186 10bfeae00            table_factory options:   flush_block_policy_factory: FlushBlockBySizePolicyFactory (0x7fec6fc19d70)
  cache_index_and_filter_blocks: 0
  cache_index_and_filter_blocks_with_high_priority: 1
  pin_l0_filter_and_index_blocks_in_cache: 0
  pin_top_level_index_and_filter: 1
  index_type: 0
  data_block_index_type: 0
  index_shortening: 1
  data_block_hash_table_util_ratio: 0.750000
  hash_index_allow_collision: 1
  checksum: 1
  no_block_cache: 0
  block_cache: 0x7fec6fc19db8
  block_cache_name: LRUCache
  block_cache_options:
    capacity : 8388608
    num_shard_bits : 4
    strict_capacity_limit : 0
    memory_allocator : None
    high_pri_pool_ratio: 0.000
  block_cache_compressed: 0x0
  persistent_cache: 0x0
  block_size: 4096
  block_size_deviation: 10
  block_restart_interval: 16
  index_block_restart_interval: 1
  metadata_block_size: 4096
  partition_filters: 0
  use_delta_encoding: 1
  filter_policy: nullptr
  whole_key_filtering: 1
  verify_compression: 0
  read_amp_bytes_per_bit: 0
  format_version: 4
  enable_index_compression: 1
  block_align: 0
2020/11/30-19:06:46.485188 10bfeae00        Options.write_buffer_size: 67108864
2020/11/30-19:06:46.485189 10bfeae00  Options.max_write_buffer_number: 2
2020/11/30-19:06:46.485190 10bfeae00          Options.compression: NoCompression
2020/11/30-19:06:46.485191 10bfeae00                  Options.bottommost_compression: Disabled
2020/11/30-19:06:46.485192 10bfeae00       Options.prefix_extractor: nullptr
2020/11/30-19:06:46.485193 10bfeae00   Options.memtable_insert_with_hint_prefix_extractor: nullptr
2020/11/30-19:06:46.485195 10bfeae00             Options.num_levels: 7
2020/11/30-19:06:46.485196 10bfeae00        Options.min_write_buffer_number_to_merge: 1
2020/11/30-19:06:46.485197 10bfeae00     Options.max_write_buffer_number_to_maintain: 0
2020/11/30-19:06:46.485198 10bfeae00     Options.max_write_buffer_size_to_maintain: 0
2020/11/30-19:06:46.485199 10bfeae00            Options.bottommost_compression_opts.window_bits: -14
2020/11/30-19:06:46.485200 10bfeae00                  Options.bottommost_compression_opts.level: 32767
2020/11/30-19:06:46.485201 10bfeae00               Options.bottommost_compression_opts.strategy: 0
2020/11/30-19:06:46.485202 10bfeae00         Options.bottommost_compression_opts.max_dict_bytes: 0
2020/11/30-19:06:46.485203 10bfeae00         Options.bottommost_compression_opts.zstd_max_train_bytes: 0
2020/11/30-19:06:46.485204 10bfeae00         Options.bottommost_compression_opts.parallel_threads: 1
2020/11/30-19:06:46.485205 10bfeae00                  Options.bottommost_compression_opts.enabled: false
2020/11/30-19:06:46.485206 10bfeae00            Options.compression_opts.window_bits: -14
2020/11/30-19:06:46.485207 10bfeae00                  Options.compression_opts.level: 32767
2020/11/30-19:06:46.485208 10bfeae00               Options.compression_opts.strategy: 0
2020/11/30-19:06:46.485209 10bfeae00         Options.compression_opts.max_dict_bytes: 0
2020/11/30-19:06:46.485210 10bfeae00         Options.compression_opts.zstd_max_train_bytes: 0
2020/11/30-19:06:46.485211 10bfeae00         Options.compression_opts.parallel_threads: 1
2020/11/30-19:06:46.485212 10bfeae00                  Options.compression_opts.enabled: false
2020/11/30-19:06:46.485213 10bfeae00      Options.level0_file_num_compaction_trigger: 4
2020/11/30-19:06:46.485214 10bfeae00          Options.level0_slowdown_writes_trigger: 20
2020/11/30-19:06:46.485238 10bfeae00              Options.level0_stop_writes_trigger: 36
2020/11/30-19:06:46.485241 10bfeae00                   Options.target_file_size_base: 67108864
2020/11/30-19:06:46.485242 10bfeae00             Options.target_file_size_multiplier: 1
2020/11/30-19:06:46.485243 10bfeae00                Options.max_bytes_for_level_base: 268435456
2020/11/30-19:06:46.485244 10bfeae00 Options.level_compaction_dynamic_level_bytes: 0
2020/11/30-19:06:46.485245 10bfeae00          Options.max_bytes_for_level_multiplier: 10.000000
2020/11/30-19:06:46.485247 10bfeae00 Options.max_bytes_for_level_multiplier_addtl[0]: 1
2020/11/30-19:06:46.485248 10bfeae00 Options.max_bytes_for_level_multiplier_addtl[1]: 1
2020/11/30-19:06:46.485249 10bfeae00 Options.max_bytes_for_level_multiplier_addtl[2]: 1
2020/11/30-19:06:46.485250 10bfeae00 Options.max_bytes_for_level_multiplier_addtl[3]: 1
2020/11/30-19:06:46.485251 10bfeae00 Options.max_bytes_for_level_multiplier_addtl[4]: 1
2020/11/30-19:06:46.485252 10bfeae00 Options.max_bytes_for_level_multiplier_addtl[5]: 1
2020/11/30-19:06:46.485253 10bfeae00 Options.max_bytes_for_level_multiplier_addtl[6]: 1
2020/11/30-19:06:46.485254 10bfeae00       Options.max_sequential_skip_in_iterations: 8
2020/11/30-19:06:46.485255 10bfeae00                    Options.max_compaction_bytes: 1677721600
2020/11/30-19:06:46.485256 10bfeae00                        Options.arena_block_size: 8388608
2020/11/30-19:06:46.485258 10bfeae00   Options.soft_pending_compaction_bytes_limit: 68719476736
2020/11/30-19:06:46.485259 10bfeae00   Options.hard_pending_compaction_bytes_limit: 274877906944
2020/11/30-19:06:46.485260 10bfeae00       Options.rate_limit_delay_max_milliseconds: 100
2020/11/30-19:06:46.485261 10bfeae00                Options.disable_auto_compactions: 0
2020/11/30-19:06:46.485262 10bfeae00                        Options.compaction_style: kCompactionStyleLevel
2020/11/30-19:06:46.485263 10bfeae00                          Options.compaction_pri: kMinOverlappingRatio
2020/11/30-19:06:46.485264 10bfeae00 Options.compaction_options_universal.size_ratio: 1
2020/11/30-19:06:46.485265 10bfeae00 Options.compaction_options_universal.min_merge_width: 2
2020/11/30-19:06:46.485266 10bfeae00 Options.compaction_options_universal.max_merge_width: 4294967295
2020/11/30-19:06:46.485267 10bfeae00 Options.compaction_options_universal.max_size_amplification_percent: 200
2020/11/30-19:06:46.485269 10bfeae00 Options.compaction_options_universal.compression_size_percent: -1
2020/11/30-19:06:46.485270 10bfeae00 Options.compaction_options_universal.stop_style: kCompactionStopStyleTotalSize
2020/11/30-19:06:46.485271 10bfeae00 Options.compaction_options_fifo.max_table_files_size: 1073741824
2020/11/30-19:06:46.485272 10bfeae00 Options.compaction_options_fifo.allow_compaction: 0
2020/11/30-19:06:46.485277 10bfeae00                   Options.table_properties_collectors: 
2020/11/30-19:06:46.485278 10bfeae00                   Options.inplace_update_support: 0
2020/11/30-19:06:46.485279 10bfeae00                 Options.inplace_update_num_locks: 10000
2020/11/30-19:06:46.485280 10bfeae00               Options.memtable_prefix_bloom_size_ratio: 0.000000
2020/11/30-19:06:46.485282 10bfeae00               Options.memtable_whole_key_filtering: 0
2020/11/30-19:06:46.485283 10bfeae00   Options.memtable_huge_page_size: 0
2020/11/30-19:06:46.485284 10bfeae00                           Options.bloom_locality: 0
2020/11/30-19:06:46.485285 10bfeae00                    Options.max_successive_merges: 0
2020/11/30-19:06:46.485286 10bfeae00                Options.optimize_filters_for_hits: 0
2020/11/30-19:06:46.485287 10bfeae00                Options.paranoid_file_checks: 0
2020/11/30-19:06:46.485288 10bfeae00                Options.force_consistency_checks: 0
2020/11/30-19:06:46.485289 10bfeae00                Options.report_bg_io_stats: 0
2020/11/30-19:06:46.485290 10bfeae00                               Options.ttl: 2592000
2020/11/30-19:06:46.485291 10bfeae00          Options.periodic_compaction_seconds: 0
2020/11/30-19:06:46.485477 10bfeae00 [db/column_family.cc:579] --------------- Options for column family [message_id_to_message]:
2020/11/30-19:06:46.485482 10bfeae00               Options.comparator: leveldb.BytewiseComparator
2020/11/30-19:06:46.485484 10bfeae00           Options.merge_operator: None
2020/11/30-19:06:46.485485 10bfeae00        Options.compaction_filter: None
2020/11/30-19:06:46.485486 10bfeae00        Options.compaction_filter_factory: None
2020/11/30-19:06:46.485487 10bfeae00         Options.memtable_factory: SkipListFactory
2020/11/30-19:06:46.485488 10bfeae00            Options.table_factory: BlockBasedTable
2020/11/30-19:06:46.485526 10bfeae00            table_factory options:   flush_block_policy_factory: FlushBlockBySizePolicyFactory (0x7fec6fc13f50)
  cache_index_and_filter_blocks: 0
  cache_index_and_filter_blocks_with_high_priority: 1
  pin_l0_filter_and_index_blocks_in_cache: 0
  pin_top_level_index_and_filter: 1
  index_type: 0
  data_block_index_type: 0
  index_shortening: 1
  data_block_hash_table_util_ratio: 0.750000
  hash_index_allow_collision: 1
  checksum: 1
  no_block_cache: 0
  block_cache: 0x7fec6fc13f98
  block_cache_name: LRUCache
  block_cache_options:
    capacity : 8388608
    num_shard_bits : 4
    strict_capacity_limit : 0
    memory_allocator : None
    high_pri_pool_ratio: 0.000
  block_cache_compressed: 0x0
  persistent_cache: 0x0
  block_size: 4096
  block_size_deviation: 10
  block_restart_interval: 16
  index_block_restart_interval: 1
  metadata_block_size: 4096
  partition_filters: 0
  use_delta_encoding: 1
  filter_policy: nullptr
  whole_key_filtering: 1
  verify_compression: 0
  read_amp_bytes_per_bit: 0
  format_version: 4
  enable_index_compression: 1
  block_align: 0
2020/11/30-19:06:46.485530 10bfeae00        Options.write_buffer_size: 67108864
2020/11/30-19:06:46.485532 10bfeae00  Options.max_write_buffer_number: 2
2020/11/30-19:06:46.485533 10bfeae00          Options.compression: NoCompression
2020/11/30-19:06:46.485534 10bfeae00                  Options.bottommost_compression: Disabled
2020/11/30-19:06:46.485535 10bfeae00       Options.prefix_extractor: nullptr
2020/11/30-19:06:46.485536 10bfeae00   Options.memtable_insert_with_hint_prefix_extractor: nullptr
2020/11/30-19:06:46.485537 10bfeae00             Options.num_levels: 7
2020/11/30-19:06:46.485538 10bfeae00        Options.min_write_buffer_number_to_merge: 1
2020/11/30-19:06:46.485539 10bfeae00     Options.max_write_buffer_number_to_maintain: 0
2020/11/30-19:06:46.485540 10bfeae00     Options.max_write_buffer_size_to_maintain: 0
2020/11/30-19:06:46.485541 10bfeae00            Options.bottommost_compression_opts.window_bits: -14
2020/11/30-19:06:46.485542 10bfeae00                  Options.bottommost_compression_opts.level: 32767
2020/11/30-19:06:46.485543 10bfeae00               Options.bottommost_compression_opts.strategy: 0
2020/11/30-19:06:46.485544 10bfeae00         Options.bottommost_compression_opts.max_dict_bytes: 0
2020/11/30-19:06:46.485546 10bfeae00         Options.bottommost_compression_opts.zstd_max_train_bytes: 0
2020/11/30-19:06:46.485547 10bfeae00         Options.bottommost_compression_opts.parallel_threads: 1
2020/11/30-19:06:46.485548 10bfeae00                  Options.bottommost_compression_opts.enabled: false
2020/11/30-19:06:46.485549 10bfeae00            Options.compression_opts.window_bits: -14
2020/11/30-19:06:46.485550 10bfeae00                  Options.compression_opts.level: 32767
2020/11/30-19:06:46.485551 10bfeae00               Options.compression_opts.strategy: 0
2020/11/30-19:06:46.485552 10bfeae00         Options.compression_opts.max_dict_bytes: 0
2020/11/30-19:06:46.485553 10bfeae00         Options.compression_opts.zstd_max_train_bytes: 0
2020/11/30-19:06:46.485554 10bfeae00         Options.compression_opts.parallel_threads: 1
2020/11/30-19:06:46.485555 10bfeae00                  Options.compression_opts.enabled: false
2020/11/30-19:06:46.485556 10bfeae00      Options.level0_file_num_compaction_trigger: 4
2020/11/30-19:06:46.485557 10bfeae00          Options.level0_slowdown_writes_trigger: 20
2020/11/30-19:06:46.485589 10bfeae00              Options.level0_stop_writes_trigger: 36
2020/11/30-19:06:46.485590 10bfeae00                   Options.target_file_size_base: 67108864
2020/11/30-19:06:46.485591 10bfeae00             Options.target_file_size_multiplier: 1
2020/11/30-19:06:46.485592 10bfeae00                Options.max_bytes_for_level_base: 268435456
2020/11/30-19:06:46.485594 10bfeae00 Options.level_compaction_dynamic_level_bytes: 0
2020/11/30-19:06:46.485595 10bfeae00          Options.max_bytes_for_level_multiplier: 10.000000
2020/11/30-19:06:46.485596 10bfeae00 Options.max_bytes_for_level_multiplier_addtl[0]: 1
2020/11/30-19:06:46.485597 10bfeae00 Options.max_bytes_for_level_multiplier_addtl[1]: 1
2020/11/30-19:06:46.485598 10bfeae00 Options.max_bytes_for_level_multiplier_addtl[2]: 1
2020/11/30-19:06:46.485599 10bfeae00 Options.max_bytes_for_level_multiplier_addtl[3]: 1
2020/11/30-19:06:46.485600 10bfeae00 Options.max_bytes_for_level_multiplier_addtl[4]: 1
2020/11/30-19:06:46.485601 10bfeae00 Options.max_bytes_for_level_multiplier_addtl[5]: 1
2020/11/30-19:06:46.485602 10bfeae00 Options.max_bytes_for_level_multiplier_addtl[6]: 1
2020/11/30-19:06:46.485603 10bfeae00       Options.max_sequential_skip_in_iterations: 8
2020/11/30-19:06:46.485604 10bfeae00                    Options.max_compaction_bytes: 1677721600
2020/11/30-19:06:46.485605 10bfeae00                        Options.arena_block_size: 8388608
2020/11/30-19:06:46.485607 10bfeae00   Options.soft_pending_compaction_bytes_limit: 68719476736
2020/11/30-19:06:46.485608 10bfeae00   Options.hard_pending_compaction_bytes_limit: 274877906944
2020/11/30-19:06:46.485609 10bfeae00       Options.rate_limit_delay_max_milliseconds: 100
2020/11/30-19:06:46.485610 10bfeae00                Options.disable_auto_compactions: 0
2020/11/30-19:06:46.485611 10bfeae00                        Options.compaction_style: kCompactionStyleLevel
2020/11/30-19:06:46.485612 10bfeae00                          Options.compaction_pri: kMinOverlappingRatio
2020/11/30-19:06:46.485613 10bfeae00 Options.compaction_options_universal.size_ratio: 1
2020/11/30-19:06:46.485614 10bfeae00 Options.compaction_options_universal.min_merge_width: 2
2020/11/30-19:06:46.485615 10bfeae00 Options.compaction_options_universal.max_merge_width: 4294967295
2020/11/30-19:06:46.485616 10bfeae00 Options.compaction_options_universal.max_size_amplification_percent: 200
2020/11/30-19:06:46.485617 10bfeae00 Options.compaction_options_universal.compression_size_percent: -1
2020/11/30-19:06:46.485619 10bfeae00 Options.compaction_options_universal.stop_style: kCompactionStopStyleTotalSize
2020/11/30-19:06:46.485620 10bfeae00 Options.compaction_options_fifo.max_table_files_size: 1073741824
2020/11/30-19:06:46.485621 10bfeae00 Options.compaction_options_fifo.allow_compaction: 0
2020/11/30-19:06:46.485622 10bfeae00                   Options.table_properties_collectors: 
2020/11/30-19:06:46.485623 10bfeae00                   Options.inplace_update_support: 0
2020/11/30-19:06:46.485624 10bfeae00                 Options.inplace_update_num_locks: 10000
2020/11/30-19:06:46.485625 10bfeae00               Options.memtable_prefix_bloom_size_ratio: 0.000000
2020/11/30-19:06:46.485627 10bfeae00               Options.memtable_whole_key_filtering: 0
2020/11/30-19:06:46.485628 10bfeae00   Options.memtable_huge_page_size: 0
2020/11/30-19:06:46.485629 10bfeae00                           Options.bloom_locality: 0
2020/11/30-19:06:46.485630 10bfeae00                    Options.max_successive_merges: 0
2020/11/30-19:06:46.485631 10bfeae00                Options.optimize_filters_for_hits: 0
2020/11/30-19:06:46.485632 10bfeae00                Options.paranoid_file_checks: 0
2020/11/30-19:06:46.485633 10bfeae00                Options.force_consistency_checks: 0
2020/11/30-19:06:46.485634 10bfeae00                Options.report_bg_io_stats: 0
2020/11/30-19:06:46.485634 10bfeae00                               Options.ttl: 2592000
2020/11/30-19:06:46.485636 10bfeae00          Options.periodic_compaction_seconds: 0
2020/11/30-19:06:46.485705 10bfeae00 [db/column_family.cc:579] --------------- Options for column family [message_id_to_message_id]:
2020/11/30-19:06:46.485708 10bfeae00               Options.comparator: leveldb.BytewiseComparator
2020/11/30-19:06:46.485709 10bfeae00           Options.merge_operator: None
2020/11/30-19:06:46.485710 10bfeae00        Options.compaction_filter: None
2020/11/30-19:06:46.485711 10bfeae00        Options.compaction_filter_factory: None
2020/11/30-19:06:46.485712 10bfeae00         Options.memtable_factory: SkipListFactory
2020/11/30-19:06:46.485713 10bfeae00            Options.table_factory: BlockBasedTable
2020/11/30-19:06:46.485726 10bfeae00            table_factory options:   flush_block_policy_factory: FlushBlockBySizePolicyFactory (0x7fec6fc15680)
  cache_index_and_filter_blocks: 0
  cache_index_and_filter_blocks_with_high_priority: 1
  pin_l0_filter_and_index_blocks_in_cache: 0
  pin_top_level_index_and_filter: 1
  index_type: 0
  data_block_index_type: 0
  index_shortening: 1
  data_block_hash_table_util_ratio: 0.750000
  hash_index_allow_collision: 1
  checksum: 1
  no_block_cache: 0
  block_cache: 0x7fec6fc156c8
  block_cache_name: LRUCache
  block_cache_options:
    capacity : 8388608
    num_shard_bits : 4
    strict_capacity_limit : 0
    memory_allocator : None
    high_pri_pool_ratio: 0.000
  block_cache_compressed: 0x0
  persistent_cache: 0x0
  block_size: 4096
  block_size_deviation: 10
  block_restart_interval: 16
  index_block_restart_interval: 1
  metadata_block_size: 4096
  partition_filters: 0
  use_delta_encoding: 1
  filter_policy: nullptr
  whole_key_filtering: 1
  verify_compression: 0
  read_amp_bytes_per_bit: 0
  format_version: 4
  enable_index_compression: 1
  block_align: 0
2020/11/30-19:06:46.485727 10bfeae00        Options.write_buffer_size: 67108864
2020/11/30-19:06:46.485728 10bfeae00  Options.max_write_buffer_number: 2
2020/11/30-19:06:46.485729 10bfeae00          Options.compression: NoCompression
2020/11/30-19:06:46.485731 10bfeae00                  Options.bottommost_compression: Disabled
2020/11/30-19:06:46.485732 10bfeae00       Options.prefix_extractor: rocksdb.FixedPrefix.32
2020/11/30-19:06:46.485733 10bfeae00   Options.memtable_insert_with_hint_prefix_extractor: nullptr
2020/11/30-19:06:46.485734 10bfeae00             Options.num_levels: 7
2020/11/30-19:06:46.485735 10bfeae00        Options.min_write_buffer_number_to_merge: 1
2020/11/30-19:06:46.485736 10bfeae00     Options.max_write_buffer_number_to_maintain: 0
2020/11/30-19:06:46.485737 10bfeae00     Options.max_write_buffer_size_to_maintain: 0
2020/11/30-19:06:46.485738 10bfeae00            Options.bottommost_compression_opts.window_bits: -14
2020/11/30-19:06:46.485739 10bfeae00                  Options.bottommost_compression_opts.level: 32767
2020/11/30-19:06:46.485740 10bfeae00               Options.bottommost_compression_opts.strategy: 0
2020/11/30-19:06:46.485741 10bfeae00         Options.bottommost_compression_opts.max_dict_bytes: 0
2020/11/30-19:06:46.485742 10bfeae00         Options.bottommost_compression_opts.zstd_max_train_bytes: 0
2020/11/30-19:06:46.485743 10bfeae00         Options.bottommost_compression_opts.parallel_threads: 1
2020/11/30-19:06:46.485744 10bfeae00                  Options.bottommost_compression_opts.enabled: false
2020/11/30-19:06:46.485745 10bfeae00            Options.compression_opts.window_bits: -14
2020/11/30-19:06:46.485746 10bfeae00                  Options.compression_opts.level: 32767
2020/11/30-19:06:46.485747 10bfeae00               Options.compression_opts.strategy: 0
2020/11/30-19:06:46.485748 10bfeae00         Options.compression_opts.max_dict_bytes: 0
2020/11/30-19:06:46.485749 10bfeae00         Options.compression_opts.zstd_max_train_bytes: 0
2020/11/30-19:06:46.485750 10bfeae00         Options.compression_opts.parallel_threads: 1
2020/11/30-19:06:46.485751 10bfeae00                  Options.compression_opts.enabled: false
2020/11/30-19:06:46.485752 10bfeae00      Options.level0_file_num_compaction_trigger: 4
2020/11/30-19:06:46.485753 10bfeae00          Options.level0_slowdown_writes_trigger: 20
2020/11/30-19:06:46.485772 10bfeae00              Options.level0_stop_writes_trigger: 36
2020/11/30-19:06:46.485774 10bfeae00                   Options.target_file_size_base: 67108864
2020/11/30-19:06:46.485775 10bfeae00             Options.target_file_size_multiplier: 1
2020/11/30-19:06:46.485776 10bfeae00                Options.max_bytes_for_level_base: 268435456
2020/11/30-19:06:46.485777 10bfeae00 Options.level_compaction_dynamic_level_bytes: 0
2020/11/30-19:06:46.485778 10bfeae00          Options.max_bytes_for_level_multiplier: 10.000000
2020/11/30-19:06:46.485779 10bfeae00 Options.max_bytes_for_level_multiplier_addtl[0]: 1
2020/11/30-19:06:46.485780 10bfeae00 Options.max_bytes_for_level_multiplier_addtl[1]: 1
2020/11/30-19:06:46.485781 10bfeae00 Options.max_bytes_for_level_multiplier_addtl[2]: 1
2020/11/30-19:06:46.485782 10bfeae00 Options.max_bytes_for_level_multiplier_addtl[3]: 1
2020/11/30-19:06:46.485783 10bfeae00 Options.max_bytes_for_level_multiplier_addtl[4]: 1
2020/11/30-19:06:46.485784 10bfeae00 Options.max_bytes_for_level_multiplier_addtl[5]: 1
2020/11/30-19:06:46.485785 10bfeae00 Options.max_bytes_for_level_multiplier_addtl[6]: 1
2020/11/30-19:06:46.485786 10bfeae00       Options.max_sequential_skip_in_iterations: 8
2020/11/30-19:06:46.485787 10bfeae00                    Options.max_compaction_bytes: 1677721600
2020/11/30-19:06:46.485788 10bfeae00                        Options.arena_block_size: 8388608
2020/11/30-19:06:46.485789 10bfeae00   Options.soft_pending_compaction_bytes_limit: 68719476736
2020/11/30-19:06:46.485790 10bfeae00   Options.hard_pending_compaction_bytes_limit: 274877906944
2020/11/30-19:06:46.485791 10bfeae00       Options.rate_limit_delay_max_milliseconds: 100
2020/11/30-19:06:46.485792 10bfeae00                Options.disable_auto_compactions: 0
2020/11/30-19:06:46.485793 10bfeae00                        Options.compaction_style: kCompactionStyleLevel
2020/11/30-19:06:46.485794 10bfeae00                          Options.compaction_pri: kMinOverlappingRatio
2020/11/30-19:06:46.485795 10bfeae00 Options.compaction_options_universal.size_ratio: 1
2020/11/30-19:06:46.485796 10bfeae00 Options.compaction_options_universal.min_merge_width: 2
2020/11/30-19:06:46.485797 10bfeae00 Options.compaction_options_universal.max_merge_width: 4294967295
2020/11/30-19:06:46.485799 10bfeae00 Options.compaction_options_universal.max_size_amplification_percent: 200
2020/11/30-19:06:46.485800 10bfeae00 Options.compaction_options_universal.compression_size_percent: -1
2020/11/30-19:06:46.485801 10bfeae00 Options.compaction_options_universal.stop_style: kCompactionStopStyleTotalSize
2020/11/30-19:06:46.485802 10bfeae00 Options.compaction_options_fifo.max_table_files_size: 1073741824
2020/11/30-19:06:46.485803 10bfeae00 Options.compaction_options_fifo.allow_compaction: 0
2020/11/30-19:06:46.485804 10bfeae00                   Options.table_properties_collectors: 
2020/11/30-19:06:46.485805 10bfeae00                   Options.inplace_update_support: 0
2020/11/30-19:06:46.485806 10bfeae00                 Options.inplace_update_num_locks: 10000
2020/11/30-19:06:46.485807 10bfeae00               Options.memtable_prefix_bloom_size_ratio: 0.000000
2020/11/30-19:06:46.485808 10bfeae00               Options.memtable_whole_key_filtering: 0
2020/11/30-19:06:46.485809 10bfeae00   Options.memtable_huge_page_size: 0
2020/11/30-19:06:46.485810 10bfeae00                           Options.bloom_locality: 0
2020/11/30-19:06:46.485811 10bfeae00                    Options.max_successive_merges: 0
2020/11/30-19:06:46.485812 10bfeae00                Options.optimize_filters_for_hits: 0
2020/11/30-19:06:46.485813 10bfeae00                Options.paranoid_file_checks: 0
2020/11/30-19:06:46.485814 10bfeae00                Options.force_consistency_checks: 0
2020/11/30-19:06:46.485815 10bfeae00                Options.report_bg_io_stats: 0
2020/11/30-19:06:46.485816 10bfeae00                               Options.ttl: 2592000
2020/11/30-19:06:46.485817 10bfeae00          Options.periodic_compaction_seconds: 0
2020/11/30-19:06:46.485872 10bfeae00 [db/column_family.cc:579] --------------- Options for column family [index_to_message_id]:
2020/11/30-19:06:46.485874 10bfeae00               Options.comparator: leveldb.BytewiseComparator
2020/11/30-19:06:46.485875 10bfeae00           Options.merge_operator: None
2020/11/30-19:06:46.485876 10bfeae00        Options.compaction_filter: None
2020/11/30-19:06:46.485877 10bfeae00        Options.compaction_filter_factory: None
2020/11/30-19:06:46.485878 10bfeae00         Options.memtable_factory: SkipListFactory
2020/11/30-19:06:46.485879 10bfeae00            Options.table_factory: BlockBasedTable
2020/11/30-19:06:46.485892 10bfeae00            table_factory options:   flush_block_policy_factory: FlushBlockBySizePolicyFactory (0x7fec6fc16270)
  cache_index_and_filter_blocks: 0
  cache_index_and_filter_blocks_with_high_priority: 1
  pin_l0_filter_and_index_blocks_in_cache: 0
  pin_top_level_index_and_filter: 1
  index_type: 0
  data_block_index_type: 0
  index_shortening: 1
  data_block_hash_table_util_ratio: 0.750000
  hash_index_allow_collision: 1
  checksum: 1
  no_block_cache: 0
  block_cache: 0x7fec6fc162b8
  block_cache_name: LRUCache
  block_cache_options:
    capacity : 8388608
    num_shard_bits : 4
    strict_capacity_limit : 0
    memory_allocator : None
    high_pri_pool_ratio: 0.000
  block_cache_compressed: 0x0
  persistent_cache: 0x0
  block_size: 4096
  block_size_deviation: 10
  block_restart_interval: 16
  index_block_restart_interval: 1
  metadata_block_size: 4096
  partition_filters: 0
  use_delta_encoding: 1
  filter_policy: nullptr
  whole_key_filtering: 1
  verify_compression: 0
  read_amp_bytes_per_bit: 0
  format_version: 4
  enable_index_compression: 1
  block_align: 0
2020/11/30-19:06:46.485893 10bfeae00        Options.write_buffer_size: 67108864
2020/11/30-19:06:46.485894 10bfeae00  Options.max_write_buffer_number: 2
2020/11/30-19:06:46.485895 10bfeae00          Options.compression: NoCompression
2020/11/30-19:06:46.485896 10bfeae00                  Options.bottommost_compression: Disabled
2020/11/30-19:06:46.485897 10bfeae00       Options.prefix_extractor: rocksdb.FixedPrefix.32
2020/11/30-19:06:46.485898 10bfeae00   Options.memtable_insert_with_hint_prefix_extractor: nullptr
2020/11/30-19:06:46.485899 10bfeae00             Options.num_levels: 7
2020/11/30-19:06:46.485900 10bfeae00        Options.min_write_buffer_number_to_merge: 1
2020/11/30-19:06:46.485901 10bfeae00     Options.max_write_buffer_number_to_maintain: 0
2020/11/30-19:06:46.485902 10bfeae00     Options.max_write_buffer_size_to_maintain: 0
2020/11/30-19:06:46.485903 10bfeae00            Options.bottommost_compression_opts.window_bits: -14
2020/11/30-19:06:46.485904 10bfeae00                  Options.bottommost_compression_opts.level: 32767
2020/11/30-19:06:46.485905 10bfeae00               Options.bottommost_compression_opts.strategy: 0
2020/11/30-19:06:46.485906 10bfeae00         Options.bottommost_compression_opts.max_dict_bytes: 0
2020/11/30-19:06:46.485907 10bfeae00         Options.bottommost_compression_opts.zstd_max_train_bytes: 0
2020/11/30-19:06:46.485908 10bfeae00         Options.bottommost_compression_opts.parallel_threads: 1
2020/11/30-19:06:46.485909 10bfeae00                  Options.bottommost_compression_opts.enabled: false
2020/11/30-19:06:46.485910 10bfeae00            Options.compression_opts.window_bits: -14
2020/11/30-19:06:46.485911 10bfeae00                  Options.compression_opts.level: 32767
2020/11/30-19:06:46.485912 10bfeae00               Options.compression_opts.strategy: 0
2020/11/30-19:06:46.485913 10bfeae00         Options.compression_opts.max_dict_bytes: 0
2020/11/30-19:06:46.485914 10bfeae00         Options.compression_opts.zstd_max_train_bytes: 0
2020/11/30-19:06:46.485915 10bfeae00         Options.compression_opts.parallel_threads: 1
2020/11/30-19:06:46.485916 10bfeae00                  Options.compression_opts.enabled: false
2020/11/30-19:06:46.485917 10bfeae00      Options.level0_file_num_compaction_trigger: 4
2020/11/30-19:06:46.485935 10bfeae00          Options.level0_slowdown_writes_trigger: 20
2020/11/30-19:06:46.485937 10bfeae00              Options.level0_stop_writes_trigger: 36
2020/11/30-19:06:46.485937 10bfeae00                   Options.target_file_size_base: 67108864
2020/11/30-19:06:46.485939 10bfeae00             Options.target_file_size_multiplier: 1
2020/11/30-19:06:46.485940 10bfeae00                Options.max_bytes_for_level_base: 268435456
2020/11/30-19:06:46.485941 10bfeae00 Options.level_compaction_dynamic_level_bytes: 0
2020/11/30-19:06:46.485942 10bfeae00          Options.max_bytes_for_level_multiplier: 10.000000
2020/11/30-19:06:46.485943 10bfeae00 Options.max_bytes_for_level_multiplier_addtl[0]: 1
2020/11/30-19:06:46.485944 10bfeae00 Options.max_bytes_for_level_multiplier_addtl[1]: 1
2020/11/30-19:06:46.485945 10bfeae00 Options.max_bytes_for_level_multiplier_addtl[2]: 1
2020/11/30-19:06:46.485946 10bfeae00 Options.max_bytes_for_level_multiplier_addtl[3]: 1
2020/11/30-19:06:46.485947 10bfeae00 Options.max_bytes_for_level_multiplier_addtl[4]: 1
2020/11/30-19:06:46.485948 10bfeae00 Options.max_bytes_for_level_multiplier_addtl[5]: 1
2020/11/30-19:06:46.485949 10bfeae00 Options.max_bytes_for_level_multiplier_addtl[6]: 1
2020/11/30-19:06:46.485950 10bfeae00       Options.max_sequential_skip_in_iterations: 8
2020/11/30-19:06:46.485951 10bfeae00                    Options.max_compaction_bytes: 1677721600
2020/11/30-19:06:46.485952 10bfeae00                        Options.arena_block_size: 8388608
2020/11/30-19:06:46.485953 10bfeae00   Options.soft_pending_compaction_bytes_limit: 68719476736
2020/11/30-19:06:46.485954 10bfeae00   Options.hard_pending_compaction_bytes_limit: 274877906944
2020/11/30-19:06:46.485955 10bfeae00       Options.rate_limit_delay_max_milliseconds: 100
2020/11/30-19:06:46.485956 10bfeae00                Options.disable_auto_compactions: 0
2020/11/30-19:06:46.485957 10bfeae00                        Options.compaction_style: kCompactionStyleLevel
2020/11/30-19:06:46.485958 10bfeae00                          Options.compaction_pri: kMinOverlappingRatio
2020/11/30-19:06:46.485959 10bfeae00 Options.compaction_options_universal.size_ratio: 1
2020/11/30-19:06:46.485960 10bfeae00 Options.compaction_options_universal.min_merge_width: 2
2020/11/30-19:06:46.485961 10bfeae00 Options.compaction_options_universal.max_merge_width: 4294967295
2020/11/30-19:06:46.485962 10bfeae00 Options.compaction_options_universal.max_size_amplification_percent: 200
2020/11/30-19:06:46.485963 10bfeae00 Options.compaction_options_universal.compression_size_percent: -1
2020/11/30-19:06:46.485965 10bfeae00 Options.compaction_options_universal.stop_style: kCompactionStopStyleTotalSize
2020/11/30-19:06:46.485965 10bfeae00 Options.compaction_options_fifo.max_table_files_size: 1073741824
2020/11/30-19:06:46.485967 10bfeae00 Options.compaction_options_fifo.allow_compaction: 0
2020/11/30-19:06:46.485968 10bfeae00                   Options.table_properties_collectors: 
