2020/11/30-19:03:46.945166 10ac18e00 RocksDB version: 6.11.4
2020/11/30-19:03:46.945223 10ac18e00 Git sha rocksdb_build_git_sha:@48bfca38f6f175435052a59791922a1a453d9609@
2020/11/30-19:03:46.945225 10ac18e00 Compile date Nov 30 2020
2020/11/30-19:03:46.945227 10ac18e00 DB SUMMARY
2020/11/30-19:03:46.945487 10ac18e00 CURRENT file:  CURRENT
2020/11/30-19:03:46.945489 10ac18e00 IDENTITY file:  IDENTITY
2020/11/30-19:03:46.945497 10ac18e00 MANIFEST file:  MANIFEST-000553 size: 825 Bytes
2020/11/30-19:03:46.945499 10ac18e00 SST files in ./database/alphanet dir, Total Num: 0, files: 
2020/11/30-19:03:46.945500 10ac18e00 Write Ahead Log file in ./database/alphanet: 000554.log size: 0 ; 
2020/11/30-19:03:46.945517 10ac18e00                         Options.error_if_exists: 0
2020/11/30-19:03:46.945518 10ac18e00                       Options.create_if_missing: 1
2020/11/30-19:03:46.945519 10ac18e00                         Options.paranoid_checks: 1
2020/11/30-19:03:46.945520 10ac18e00                                     Options.env: 0x1013534b8
2020/11/30-19:03:46.945521 10ac18e00                                      Options.fs: Posix File System
2020/11/30-19:03:46.945522 10ac18e00                                Options.info_log: 0x7f87b1505f10
2020/11/30-19:03:46.945523 10ac18e00                Options.max_file_opening_threads: 16
2020/11/30-19:03:46.945524 10ac18e00                              Options.statistics: 0x7f87b1504bc8
2020/11/30-19:03:46.945524 10ac18e00                               Options.use_fsync: 0
2020/11/30-19:03:46.945525 10ac18e00                       Options.max_log_file_size: 0
2020/11/30-19:03:46.945526 10ac18e00                  Options.max_manifest_file_size: 1073741824
2020/11/30-19:03:46.945527 10ac18e00                   Options.log_file_time_to_roll: 0
2020/11/30-19:03:46.945528 10ac18e00                       Options.keep_log_file_num: 1000
2020/11/30-19:03:46.945529 10ac18e00                    Options.recycle_log_file_num: 0
2020/11/30-19:03:46.945530 10ac18e00                         Options.allow_fallocate: 1
2020/11/30-19:03:46.945531 10ac18e00                        Options.allow_mmap_reads: 0
2020/11/30-19:03:46.945531 10ac18e00                       Options.allow_mmap_writes: 0
2020/11/30-19:03:46.945532 10ac18e00                        Options.use_direct_reads: 0
2020/11/30-19:03:46.945533 10ac18e00                        Options.use_direct_io_for_flush_and_compaction: 0
2020/11/30-19:03:46.945534 10ac18e00          Options.create_missing_column_families: 1
2020/11/30-19:03:46.945535 10ac18e00                              Options.db_log_dir: 
2020/11/30-19:03:46.945536 10ac18e00                                 Options.wal_dir: ./database/alphanet
2020/11/30-19:03:46.945536 10ac18e00                Options.table_cache_numshardbits: 6
2020/11/30-19:03:46.945537 10ac18e00                      Options.max_subcompactions: 1
2020/11/30-19:03:46.945538 10ac18e00                         Options.WAL_ttl_seconds: 0
2020/11/30-19:03:46.945539 10ac18e00                       Options.WAL_size_limit_MB: 0
2020/11/30-19:03:46.945540 10ac18e00                        Options.max_write_batch_group_size_bytes: 1048576
2020/11/30-19:03:46.945541 10ac18e00             Options.manifest_preallocation_size: 4194304
2020/11/30-19:03:46.945542 10ac18e00                     Options.is_fd_close_on_exec: 1
2020/11/30-19:03:46.945542 10ac18e00                   Options.advise_random_on_open: 1
2020/11/30-19:03:46.945543 10ac18e00                    Options.db_write_buffer_size: 0
2020/11/30-19:03:46.945544 10ac18e00                    Options.write_buffer_manager: 0x7f87b1505e80
2020/11/30-19:03:46.945545 10ac18e00         Options.access_hint_on_compaction_start: 1
2020/11/30-19:03:46.945546 10ac18e00  Options.new_table_reader_for_compaction_inputs: 0
2020/11/30-19:03:46.945547 10ac18e00           Options.random_access_max_buffer_size: 1048576
2020/11/30-19:03:46.945547 10ac18e00                      Options.use_adaptive_mutex: 0
2020/11/30-19:03:46.945548 10ac18e00                            Options.rate_limiter: 0x0
2020/11/30-19:03:46.945549 10ac18e00     Options.sst_file_manager.rate_bytes_per_sec: 0
2020/11/30-19:03:46.945572 10ac18e00                       Options.wal_recovery_mode: 2
2020/11/30-19:03:46.945573 10ac18e00                  Options.enable_thread_tracking: 0
2020/11/30-19:03:46.945574 10ac18e00                  Options.enable_pipelined_write: 0
2020/11/30-19:03:46.945576 10ac18e00                  Options.unordered_write: 0
2020/11/30-19:03:46.945577 10ac18e00         Options.allow_concurrent_memtable_write: 1
2020/11/30-19:03:46.945578 10ac18e00      Options.enable_write_thread_adaptive_yield: 1
2020/11/30-19:03:46.945579 10ac18e00             Options.write_thread_max_yield_usec: 100
2020/11/30-19:03:46.945580 10ac18e00            Options.write_thread_slow_yield_usec: 3
2020/11/30-19:03:46.945581 10ac18e00                               Options.row_cache: None
2020/11/30-19:03:46.945582 10ac18e00                              Options.wal_filter: None
2020/11/30-19:03:46.945583 10ac18e00             Options.avoid_flush_during_recovery: 0
2020/11/30-19:03:46.945583 10ac18e00             Options.allow_ingest_behind: 0
2020/11/30-19:03:46.945584 10ac18e00             Options.preserve_deletes: 0
2020/11/30-19:03:46.945585 10ac18e00             Options.two_write_queues: 0
2020/11/30-19:03:46.945586 10ac18e00             Options.manual_wal_flush: 0
2020/11/30-19:03:46.945587 10ac18e00             Options.atomic_flush: 1
2020/11/30-19:03:46.945587 10ac18e00             Options.avoid_unnecessary_blocking_io: 0
2020/11/30-19:03:46.945588 10ac18e00                 Options.persist_stats_to_disk: 0
2020/11/30-19:03:46.945589 10ac18e00                 Options.write_dbid_to_manifest: 0
2020/11/30-19:03:46.945590 10ac18e00                 Options.log_readahead_size: 0
2020/11/30-19:03:46.945591 10ac18e00                 Options.file_checksum_gen_factory: Unknown
2020/11/30-19:03:46.945593 10ac18e00                 Options.best_efforts_recovery: 0
2020/11/30-19:03:46.945594 10ac18e00             Options.max_background_jobs: 12
2020/11/30-19:03:46.945595 10ac18e00             Options.max_background_compactions: -1
2020/11/30-19:03:46.945596 10ac18e00             Options.avoid_flush_during_shutdown: 0
2020/11/30-19:03:46.945597 10ac18e00           Options.writable_file_max_buffer_size: 1048576
2020/11/30-19:03:46.945598 10ac18e00             Options.delayed_write_rate : 16777216
2020/11/30-19:03:46.945598 10ac18e00             Options.max_total_wal_size: 0
2020/11/30-19:03:46.945599 10ac18e00             Options.delete_obsolete_files_period_micros: 21600000000
2020/11/30-19:03:46.945600 10ac18e00                   Options.stats_dump_period_sec: 600
2020/11/30-19:03:46.945601 10ac18e00                 Options.stats_persist_period_sec: 600
2020/11/30-19:03:46.945602 10ac18e00                 Options.stats_history_buffer_size: 1048576
2020/11/30-19:03:46.945603 10ac18e00                          Options.max_open_files: -1
2020/11/30-19:03:46.945604 10ac18e00                          Options.bytes_per_sync: 0
2020/11/30-19:03:46.945605 10ac18e00                      Options.wal_bytes_per_sync: 0
2020/11/30-19:03:46.945606 10ac18e00                   Options.strict_bytes_per_sync: 0
2020/11/30-19:03:46.945606 10ac18e00       Options.compaction_readahead_size: 0
2020/11/30-19:03:46.945607 10ac18e00                  Options.max_background_flushes: -1
2020/11/30-19:03:46.945608 10ac18e00 Compression algorithms supported:
2020/11/30-19:03:46.945609 10ac18e00 	kZSTD supported: 0
2020/11/30-19:03:46.945610 10ac18e00 	kZlibCompression supported: 0
2020/11/30-19:03:46.945611 10ac18e00 	kXpressCompression supported: 0
2020/11/30-19:03:46.945612 10ac18e00 	kSnappyCompression supported: 0
2020/11/30-19:03:46.945613 10ac18e00 	kZSTDNotFinalCompression supported: 0
2020/11/30-19:03:46.945614 10ac18e00 	kLZ4HCCompression supported: 0
2020/11/30-19:03:46.945615 10ac18e00 	kLZ4Compression supported: 0
2020/11/30-19:03:46.945616 10ac18e00 	kBZip2Compression supported: 0
2020/11/30-19:03:46.945619 10ac18e00 Fast CRC32 supported: Supported on x86
2020/11/30-19:03:46.945774 10ac18e00 [db/version_set.cc:4555] Recovering from manifest file: ./database/alphanet/MANIFEST-000553
2020/11/30-19:03:46.945845 10ac18e00 [db/column_family.cc:579] --------------- Options for column family [default]:
2020/11/30-19:03:46.945847 10ac18e00               Options.comparator: leveldb.BytewiseComparator
2020/11/30-19:03:46.945848 10ac18e00           Options.merge_operator: None
2020/11/30-19:03:46.945849 10ac18e00        Options.compaction_filter: None
2020/11/30-19:03:46.945850 10ac18e00        Options.compaction_filter_factory: None
2020/11/30-19:03:46.945851 10ac18e00         Options.memtable_factory: SkipListFactory
2020/11/30-19:03:46.945852 10ac18e00            Options.table_factory: BlockBasedTable
2020/11/30-19:03:46.945892 10ac18e00            table_factory options:   flush_block_policy_factory: FlushBlockBySizePolicyFactory (0x7f87b1504250)
  cache_index_and_filter_blocks: 0
  cache_index_and_filter_blocks_with_high_priority: 1
  pin_l0_filter_and_index_blocks_in_cache: 0
  pin_top_level_index_and_filter: 1
  index_type: 0
  data_block_index_type: 0
  index_shortening: 1
  data_block_hash_table_util_ratio: 0.750000
  hash_index_allow_collision: 1
  checksum: 1
  no_block_cache: 0
  block_cache: 0x7f87b15046c8
  block_cache_name: LRUCache
  block_cache_options:
    capacity : 8388608
    num_shard_bits : 4
    strict_capacity_limit : 0
    memory_allocator : None
    high_pri_pool_ratio: 0.000
  block_cache_compressed: 0x0
  persistent_cache: 0x0
  block_size: 4096
  block_size_deviation: 10
  block_restart_interval: 16
  index_block_restart_interval: 1
  metadata_block_size: 4096
  partition_filters: 0
  use_delta_encoding: 1
  filter_policy: nullptr
  whole_key_filtering: 1
  verify_compression: 0
  read_amp_bytes_per_bit: 0
  format_version: 4
  enable_index_compression: 1
  block_align: 0
2020/11/30-19:03:46.945896 10ac18e00        Options.write_buffer_size: 67108864
2020/11/30-19:03:46.945897 10ac18e00  Options.max_write_buffer_number: 2
2020/11/30-19:03:46.945898 10ac18e00          Options.compression: NoCompression
2020/11/30-19:03:46.945899 10ac18e00                  Options.bottommost_compression: Disabled
2020/11/30-19:03:46.945900 10ac18e00       Options.prefix_extractor: nullptr
2020/11/30-19:03:46.945901 10ac18e00   Options.memtable_insert_with_hint_prefix_extractor: nullptr
2020/11/30-19:03:46.945902 10ac18e00             Options.num_levels: 7
2020/11/30-19:03:46.945903 10ac18e00        Options.min_write_buffer_number_to_merge: 1
2020/11/30-19:03:46.945904 10ac18e00     Options.max_write_buffer_number_to_maintain: 0
2020/11/30-19:03:46.945904 10ac18e00     Options.max_write_buffer_size_to_maintain: 0
2020/11/30-19:03:46.945905 10ac18e00            Options.bottommost_compression_opts.window_bits: -14
2020/11/30-19:03:46.945906 10ac18e00                  Options.bottommost_compression_opts.level: 32767
2020/11/30-19:03:46.945907 10ac18e00               Options.bottommost_compression_opts.strategy: 0
2020/11/30-19:03:46.945908 10ac18e00         Options.bottommost_compression_opts.max_dict_bytes: 0
2020/11/30-19:03:46.945909 10ac18e00         Options.bottommost_compression_opts.zstd_max_train_bytes: 0
2020/11/30-19:03:46.945910 10ac18e00         Options.bottommost_compression_opts.parallel_threads: 1
2020/11/30-19:03:46.945911 10ac18e00                  Options.bottommost_compression_opts.enabled: false
2020/11/30-19:03:46.945912 10ac18e00            Options.compression_opts.window_bits: -14
2020/11/30-19:03:46.945913 10ac18e00                  Options.compression_opts.level: 32767
2020/11/30-19:03:46.945914 10ac18e00               Options.compression_opts.strategy: 0
2020/11/30-19:03:46.945915 10ac18e00         Options.compression_opts.max_dict_bytes: 0
2020/11/30-19:03:46.945915 10ac18e00         Options.compression_opts.zstd_max_train_bytes: 0
2020/11/30-19:03:46.945916 10ac18e00         Options.compression_opts.parallel_threads: 1
2020/11/30-19:03:46.945917 10ac18e00                  Options.compression_opts.enabled: false
2020/11/30-19:03:46.945918 10ac18e00      Options.level0_file_num_compaction_trigger: 4
2020/11/30-19:03:46.945919 10ac18e00          Options.level0_slowdown_writes_trigger: 20
2020/11/30-19:03:46.945937 10ac18e00              Options.level0_stop_writes_trigger: 36
2020/11/30-19:03:46.945938 10ac18e00                   Options.target_file_size_base: 67108864
2020/11/30-19:03:46.945939 10ac18e00             Options.target_file_size_multiplier: 1
2020/11/30-19:03:46.945940 10ac18e00                Options.max_bytes_for_level_base: 268435456
2020/11/30-19:03:46.945941 10ac18e00 Options.level_compaction_dynamic_level_bytes: 0
2020/11/30-19:03:46.945941 10ac18e00          Options.max_bytes_for_level_multiplier: 10.000000
2020/11/30-19:03:46.945943 10ac18e00 Options.max_bytes_for_level_multiplier_addtl[0]: 1
2020/11/30-19:03:46.945944 10ac18e00 Options.max_bytes_for_level_multiplier_addtl[1]: 1
2020/11/30-19:03:46.945945 10ac18e00 Options.max_bytes_for_level_multiplier_addtl[2]: 1
2020/11/30-19:03:46.945946 10ac18e00 Options.max_bytes_for_level_multiplier_addtl[3]: 1
2020/11/30-19:03:46.945947 10ac18e00 Options.max_bytes_for_level_multiplier_addtl[4]: 1
2020/11/30-19:03:46.945948 10ac18e00 Options.max_bytes_for_level_multiplier_addtl[5]: 1
2020/11/30-19:03:46.945948 10ac18e00 Options.max_bytes_for_level_multiplier_addtl[6]: 1
2020/11/30-19:03:46.945949 10ac18e00       Options.max_sequential_skip_in_iterations: 8
2020/11/30-19:03:46.945950 10ac18e00                    Options.max_compaction_bytes: 1677721600
2020/11/30-19:03:46.945951 10ac18e00                        Options.arena_block_size: 8388608
2020/11/30-19:03:46.945952 10ac18e00   Options.soft_pending_compaction_bytes_limit: 68719476736
2020/11/30-19:03:46.945953 10ac18e00   Options.hard_pending_compaction_bytes_limit: 274877906944
2020/11/30-19:03:46.945954 10ac18e00       Options.rate_limit_delay_max_milliseconds: 100
2020/11/30-19:03:46.945955 10ac18e00                Options.disable_auto_compactions: 0
2020/11/30-19:03:46.945956 10ac18e00                        Options.compaction_style: kCompactionStyleLevel
2020/11/30-19:03:46.945957 10ac18e00                          Options.compaction_pri: kMinOverlappingRatio
2020/11/30-19:03:46.945958 10ac18e00 Options.compaction_options_universal.size_ratio: 1
2020/11/30-19:03:46.945959 10ac18e00 Options.compaction_options_universal.min_merge_width: 2
2020/11/30-19:03:46.945960 10ac18e00 Options.compaction_options_universal.max_merge_width: 4294967295
2020/11/30-19:03:46.945961 10ac18e00 Options.compaction_options_universal.max_size_amplification_percent: 200
2020/11/30-19:03:46.945962 10ac18e00 Options.compaction_options_universal.compression_size_percent: -1
2020/11/30-19:03:46.945963 10ac18e00 Options.compaction_options_universal.stop_style: kCompactionStopStyleTotalSize
2020/11/30-19:03:46.945964 10ac18e00 Options.compaction_options_fifo.max_table_files_size: 1073741824
2020/11/30-19:03:46.945965 10ac18e00 Options.compaction_options_fifo.allow_compaction: 0
2020/11/30-19:03:46.945970 10ac18e00                   Options.table_properties_collectors: 
2020/11/30-19:03:46.945971 10ac18e00                   Options.inplace_update_support: 0
2020/11/30-19:03:46.945972 10ac18e00                 Options.inplace_update_num_locks: 10000
2020/11/30-19:03:46.945973 10ac18e00               Options.memtable_prefix_bloom_size_ratio: 0.000000
2020/11/30-19:03:46.945974 10ac18e00               Options.memtable_whole_key_filtering: 0
2020/11/30-19:03:46.945975 10ac18e00   Options.memtable_huge_page_size: 0
2020/11/30-19:03:46.945976 10ac18e00                           Options.bloom_locality: 0
2020/11/30-19:03:46.945976 10ac18e00                    Options.max_successive_merges: 0
2020/11/30-19:03:46.945977 10ac18e00                Options.optimize_filters_for_hits: 0
2020/11/30-19:03:46.945978 10ac18e00                Options.paranoid_file_checks: 0
2020/11/30-19:03:46.945979 10ac18e00                Options.force_consistency_checks: 0
2020/11/30-19:03:46.945980 10ac18e00                Options.report_bg_io_stats: 0
2020/11/30-19:03:46.945981 10ac18e00                               Options.ttl: 2592000
2020/11/30-19:03:46.945982 10ac18e00          Options.periodic_compaction_seconds: 0
2020/11/30-19:03:46.946081 10ac18e00 [db/column_family.cc:579] --------------- Options for column family [message_id_to_message]:
2020/11/30-19:03:46.946084 10ac18e00               Options.comparator: leveldb.BytewiseComparator
2020/11/30-19:03:46.946085 10ac18e00           Options.merge_operator: None
2020/11/30-19:03:46.946086 10ac18e00        Options.compaction_filter: None
2020/11/30-19:03:46.946086 10ac18e00        Options.compaction_filter_factory: None
2020/11/30-19:03:46.946087 10ac18e00         Options.memtable_factory: SkipListFactory
2020/11/30-19:03:46.946088 10ac18e00            Options.table_factory: BlockBasedTable
2020/11/30-19:03:46.946104 10ac18e00            table_factory options:   flush_block_policy_factory: FlushBlockBySizePolicyFactory (0x7f87a1507390)
  cache_index_and_filter_blocks: 0
  cache_index_and_filter_blocks_with_high_priority: 1
  pin_l0_filter_and_index_blocks_in_cache: 0
  pin_top_level_index_and_filter: 1
  index_type: 0
  data_block_index_type: 0
  index_shortening: 1
  data_block_hash_table_util_ratio: 0.750000
  hash_index_allow_collision: 1
  checksum: 1
  no_block_cache: 0
  block_cache: 0x7f87a15073d8
  block_cache_name: LRUCache
  block_cache_options:
    capacity : 8388608
    num_shard_bits : 4
    strict_capacity_limit : 0
    memory_allocator : None
    high_pri_pool_ratio: 0.000
  block_cache_compressed: 0x0
  persistent_cache: 0x0
  block_size: 4096
  block_size_deviation: 10
  block_restart_interval: 16
  index_block_restart_interval: 1
  metadata_block_size: 4096
  partition_filters: 0
  use_delta_encoding: 1
  filter_policy: nullptr
  whole_key_filtering: 1
  verify_compression: 0
  read_amp_bytes_per_bit: 0
  format_version: 4
  enable_index_compression: 1
  block_align: 0
2020/11/30-19:03:46.946105 10ac18e00        Options.write_buffer_size: 67108864
2020/11/30-19:03:46.946106 10ac18e00  Options.max_write_buffer_number: 2
2020/11/30-19:03:46.946107 10ac18e00          Options.compression: NoCompression
2020/11/30-19:03:46.946108 10ac18e00                  Options.bottommost_compression: Disabled
2020/11/30-19:03:46.946109 10ac18e00       Options.prefix_extractor: nullptr
2020/11/30-19:03:46.946110 10ac18e00   Options.memtable_insert_with_hint_prefix_extractor: nullptr
2020/11/30-19:03:46.946110 10ac18e00             Options.num_levels: 7
2020/11/30-19:03:46.946111 10ac18e00        Options.min_write_buffer_number_to_merge: 1
2020/11/30-19:03:46.946112 10ac18e00     Options.max_write_buffer_number_to_maintain: 0
2020/11/30-19:03:46.946113 10ac18e00     Options.max_write_buffer_size_to_maintain: 0
2020/11/30-19:03:46.946114 10ac18e00            Options.bottommost_compression_opts.window_bits: -14
2020/11/30-19:03:46.946115 10ac18e00                  Options.bottommost_compression_opts.level: 32767
2020/11/30-19:03:46.946116 10ac18e00               Options.bottommost_compression_opts.strategy: 0
2020/11/30-19:03:46.946117 10ac18e00         Options.bottommost_compression_opts.max_dict_bytes: 0
2020/11/30-19:03:46.946118 10ac18e00         Options.bottommost_compression_opts.zstd_max_train_bytes: 0
2020/11/30-19:03:46.946119 10ac18e00         Options.bottommost_compression_opts.parallel_threads: 1
2020/11/30-19:03:46.946120 10ac18e00                  Options.bottommost_compression_opts.enabled: false
2020/11/30-19:03:46.946120 10ac18e00            Options.compression_opts.window_bits: -14
2020/11/30-19:03:46.946121 10ac18e00                  Options.compression_opts.level: 32767
2020/11/30-19:03:46.946122 10ac18e00               Options.compression_opts.strategy: 0
2020/11/30-19:03:46.946123 10ac18e00         Options.compression_opts.max_dict_bytes: 0
2020/11/30-19:03:46.946124 10ac18e00         Options.compression_opts.zstd_max_train_bytes: 0
2020/11/30-19:03:46.946125 10ac18e00         Options.compression_opts.parallel_threads: 1
2020/11/30-19:03:46.946126 10ac18e00                  Options.compression_opts.enabled: false
2020/11/30-19:03:46.946127 10ac18e00      Options.level0_file_num_compaction_trigger: 4
2020/11/30-19:03:46.946128 10ac18e00          Options.level0_slowdown_writes_trigger: 20
2020/11/30-19:03:46.946144 10ac18e00              Options.level0_stop_writes_trigger: 36
2020/11/30-19:03:46.946145 10ac18e00                   Options.target_file_size_base: 67108864
2020/11/30-19:03:46.946146 10ac18e00             Options.target_file_size_multiplier: 1
2020/11/30-19:03:46.946147 10ac18e00                Options.max_bytes_for_level_base: 268435456
2020/11/30-19:03:46.946148 10ac18e00 Options.level_compaction_dynamic_level_bytes: 0
2020/11/30-19:03:46.946149 10ac18e00          Options.max_bytes_for_level_multiplier: 10.000000
2020/11/30-19:03:46.946150 10ac18e00 Options.max_bytes_for_level_multiplier_addtl[0]: 1
2020/11/30-19:03:46.946151 10ac18e00 Options.max_bytes_for_level_multiplier_addtl[1]: 1
2020/11/30-19:03:46.946152 10ac18e00 Options.max_bytes_for_level_multiplier_addtl[2]: 1
2020/11/30-19:03:46.946153 10ac18e00 Options.max_bytes_for_level_multiplier_addtl[3]: 1
2020/11/30-19:03:46.946154 10ac18e00 Options.max_bytes_for_level_multiplier_addtl[4]: 1
2020/11/30-19:03:46.946155 10ac18e00 Options.max_bytes_for_level_multiplier_addtl[5]: 1
2020/11/30-19:03:46.946155 10ac18e00 Options.max_bytes_for_level_multiplier_addtl[6]: 1
2020/11/30-19:03:46.946156 10ac18e00       Options.max_sequential_skip_in_iterations: 8
2020/11/30-19:03:46.946157 10ac18e00                    Options.max_compaction_bytes: 1677721600
2020/11/30-19:03:46.946158 10ac18e00                        Options.arena_block_size: 8388608
2020/11/30-19:03:46.946159 10ac18e00   Options.soft_pending_compaction_bytes_limit: 68719476736
2020/11/30-19:03:46.946160 10ac18e00   Options.hard_pending_compaction_bytes_limit: 274877906944
2020/11/30-19:03:46.946161 10ac18e00       Options.rate_limit_delay_max_milliseconds: 100
2020/11/30-19:03:46.946162 10ac18e00                Options.disable_auto_compactions: 0
2020/11/30-19:03:46.946163 10ac18e00                        Options.compaction_style: kCompactionStyleLevel
2020/11/30-19:03:46.946164 10ac18e00                          Options.compaction_pri: kMinOverlappingRatio
2020/11/30-19:03:46.946165 10ac18e00 Options.compaction_options_universal.size_ratio: 1
2020/11/30-19:03:46.946165 10ac18e00 Options.compaction_options_universal.min_merge_width: 2
2020/11/30-19:03:46.946166 10ac18e00 Options.compaction_options_universal.max_merge_width: 4294967295
2020/11/30-19:03:46.946167 10ac18e00 Options.compaction_options_universal.max_size_amplification_percent: 200
2020/11/30-19:03:46.946168 10ac18e00 Options.compaction_options_universal.compression_size_percent: -1
2020/11/30-19:03:46.946170 10ac18e00 Options.compaction_options_universal.stop_style: kCompactionStopStyleTotalSize
2020/11/30-19:03:46.946170 10ac18e00 Options.compaction_options_fifo.max_table_files_size: 1073741824
2020/11/30-19:03:46.946171 10ac18e00 Options.compaction_options_fifo.allow_compaction: 0
2020/11/30-19:03:46.946172 10ac18e00                   Options.table_properties_collectors: 
2020/11/30-19:03:46.946173 10ac18e00                   Options.inplace_update_support: 0
2020/11/30-19:03:46.946174 10ac18e00                 Options.inplace_update_num_locks: 10000
2020/11/30-19:03:46.946175 10ac18e00               Options.memtable_prefix_bloom_size_ratio: 0.000000
2020/11/30-19:03:46.946176 10ac18e00               Options.memtable_whole_key_filtering: 0
2020/11/30-19:03:46.946177 10ac18e00   Options.memtable_huge_page_size: 0
2020/11/30-19:03:46.946178 10ac18e00                           Options.bloom_locality: 0
2020/11/30-19:03:46.946179 10ac18e00                    Options.max_successive_merges: 0
2020/11/30-19:03:46.946180 10ac18e00                Options.optimize_filters_for_hits: 0
2020/11/30-19:03:46.946180 10ac18e00                Options.paranoid_file_checks: 0
2020/11/30-19:03:46.946181 10ac18e00                Options.force_consistency_checks: 0
2020/11/30-19:03:46.946182 10ac18e00                Options.report_bg_io_stats: 0
2020/11/30-19:03:46.946183 10ac18e00                               Options.ttl: 2592000
2020/11/30-19:03:46.946184 10ac18e00          Options.periodic_compaction_seconds: 0
2020/11/30-19:03:46.946228 10ac18e00 [db/column_family.cc:579] --------------- Options for column family [message_id_to_message_id]:
2020/11/30-19:03:46.946230 10ac18e00               Options.comparator: leveldb.BytewiseComparator
2020/11/30-19:03:46.946231 10ac18e00           Options.merge_operator: None
2020/11/30-19:03:46.946232 10ac18e00        Options.compaction_filter: None
2020/11/30-19:03:46.946233 10ac18e00        Options.compaction_filter_factory: None
2020/11/30-19:03:46.946234 10ac18e00         Options.memtable_factory: SkipListFactory
2020/11/30-19:03:46.946235 10ac18e00            Options.table_factory: BlockBasedTable
2020/11/30-19:03:46.946248 10ac18e00            table_factory options:   flush_block_policy_factory: FlushBlockBySizePolicyFactory (0x7f87a1508ac0)
  cache_index_and_filter_blocks: 0
  cache_index_and_filter_blocks_with_high_priority: 1
  pin_l0_filter_and_index_blocks_in_cache: 0
  pin_top_level_index_and_filter: 1
  index_type: 0
  data_block_index_type: 0
  index_shortening: 1
  data_block_hash_table_util_ratio: 0.750000
  hash_index_allow_collision: 1
  checksum: 1
  no_block_cache: 0
  block_cache: 0x7f87a1508b08
  block_cache_name: LRUCache
  block_cache_options:
    capacity : 8388608
    num_shard_bits : 4
    strict_capacity_limit : 0
    memory_allocator : None
    high_pri_pool_ratio: 0.000
  block_cache_compressed: 0x0
  persistent_cache: 0x0
  block_size: 4096
  block_size_deviation: 10
  block_restart_interval: 16
  index_block_restart_interval: 1
  metadata_block_size: 4096
  partition_filters: 0
  use_delta_encoding: 1
  filter_policy: nullptr
  whole_key_filtering: 1
  verify_compression: 0
  read_amp_bytes_per_bit: 0
  format_version: 4
  enable_index_compression: 1
  block_align: 0
2020/11/30-19:03:46.946249 10ac18e00        Options.write_buffer_size: 67108864
2020/11/30-19:03:46.946250 10ac18e00  Options.max_write_buffer_number: 2
2020/11/30-19:03:46.946251 10ac18e00          Options.compression: NoCompression
2020/11/30-19:03:46.946252 10ac18e00                  Options.bottommost_compression: Disabled
2020/11/30-19:03:46.946253 10ac18e00       Options.prefix_extractor: rocksdb.FixedPrefix.32
2020/11/30-19:03:46.946254 10ac18e00   Options.memtable_insert_with_hint_prefix_extractor: nullptr
2020/11/30-19:03:46.946255 10ac18e00             Options.num_levels: 7
2020/11/30-19:03:46.946255 10ac18e00        Options.min_write_buffer_number_to_merge: 1
2020/11/30-19:03:46.946256 10ac18e00     Options.max_write_buffer_number_to_maintain: 0
2020/11/30-19:03:46.946257 10ac18e00     Options.max_write_buffer_size_to_maintain: 0
2020/11/30-19:03:46.946258 10ac18e00            Options.bottommost_compression_opts.window_bits: -14
2020/11/30-19:03:46.946259 10ac18e00                  Options.bottommost_compression_opts.level: 32767
2020/11/30-19:03:46.946260 10ac18e00               Options.bottommost_compression_opts.strategy: 0
2020/11/30-19:03:46.946261 10ac18e00         Options.bottommost_compression_opts.max_dict_bytes: 0
2020/11/30-19:03:46.946262 10ac18e00         Options.bottommost_compression_opts.zstd_max_train_bytes: 0
2020/11/30-19:03:46.946263 10ac18e00         Options.bottommost_compression_opts.parallel_threads: 1
2020/11/30-19:03:46.946264 10ac18e00                  Options.bottommost_compression_opts.enabled: false
2020/11/30-19:03:46.946264 10ac18e00            Options.compression_opts.window_bits: -14
2020/11/30-19:03:46.946265 10ac18e00                  Options.compression_opts.level: 32767
2020/11/30-19:03:46.946266 10ac18e00               Options.compression_opts.strategy: 0
2020/11/30-19:03:46.946267 10ac18e00         Options.compression_opts.max_dict_bytes: 0
2020/11/30-19:03:46.946268 10ac18e00         Options.compression_opts.zstd_max_train_bytes: 0
2020/11/30-19:03:46.946269 10ac18e00         Options.compression_opts.parallel_threads: 1
2020/11/30-19:03:46.946270 10ac18e00                  Options.compression_opts.enabled: false
2020/11/30-19:03:46.946271 10ac18e00      Options.level0_file_num_compaction_trigger: 4
2020/11/30-19:03:46.946271 10ac18e00          Options.level0_slowdown_writes_trigger: 20
2020/11/30-19:03:46.946287 10ac18e00              Options.level0_stop_writes_trigger: 36
2020/11/30-19:03:46.946288 10ac18e00                   Options.target_file_size_base: 67108864
2020/11/30-19:03:46.946289 10ac18e00             Options.target_file_size_multiplier: 1
2020/11/30-19:03:46.946290 10ac18e00                Options.max_bytes_for_level_base: 268435456
2020/11/30-19:03:46.946291 10ac18e00 Options.level_compaction_dynamic_level_bytes: 0
2020/11/30-19:03:46.946292 10ac18e00          Options.max_bytes_for_level_multiplier: 10.000000
2020/11/30-19:03:46.946293 10ac18e00 Options.max_bytes_for_level_multiplier_addtl[0]: 1
2020/11/30-19:03:46.946294 10ac18e00 Options.max_bytes_for_level_multiplier_addtl[1]: 1
2020/11/30-19:03:46.946295 10ac18e00 Options.max_bytes_for_level_multiplier_addtl[2]: 1
2020/11/30-19:03:46.946296 10ac18e00 Options.max_bytes_for_level_multiplier_addtl[3]: 1
2020/11/30-19:03:46.946296 10ac18e00 Options.max_bytes_for_level_multiplier_addtl[4]: 1
2020/11/30-19:03:46.946297 10ac18e00 Options.max_bytes_for_level_multiplier_addtl[5]: 1
2020/11/30-19:03:46.946298 10ac18e00 Options.max_bytes_for_level_multiplier_addtl[6]: 1
2020/11/30-19:03:46.946299 10ac18e00       Options.max_sequential_skip_in_iterations: 8
2020/11/30-19:03:46.946300 10ac18e00                    Options.max_compaction_bytes: 1677721600
2020/11/30-19:03:46.946301 10ac18e00                        Options.arena_block_size: 8388608
2020/11/30-19:03:46.946302 10ac18e00   Options.soft_pending_compaction_bytes_limit: 68719476736
2020/11/30-19:03:46.946303 10ac18e00   Options.hard_pending_compaction_bytes_limit: 274877906944
2020/11/30-19:03:46.946304 10ac18e00       Options.rate_limit_delay_max_milliseconds: 100
2020/11/30-19:03:46.946305 10ac18e00                Options.disable_auto_compactions: 0
2020/11/30-19:03:46.946306 10ac18e00                        Options.compaction_style: kCompactionStyleLevel
2020/11/30-19:03:46.946306 10ac18e00                          Options.compaction_pri: kMinOverlappingRatio
2020/11/30-19:03:46.946307 10ac18e00 Options.compaction_options_universal.size_ratio: 1
2020/11/30-19:03:46.946308 10ac18e00 Options.compaction_options_universal.min_merge_width: 2
2020/11/30-19:03:46.946309 10ac18e00 Options.compaction_options_universal.max_merge_width: 4294967295
2020/11/30-19:03:46.946310 10ac18e00 Options.compaction_options_universal.max_size_amplification_percent: 200
2020/11/30-19:03:46.946311 10ac18e00 Options.compaction_options_universal.compression_size_percent: -1
2020/11/30-19:03:46.946312 10ac18e00 Options.compaction_options_universal.stop_style: kCompactionStopStyleTotalSize
2020/11/30-19:03:46.946313 10ac18e00 Options.compaction_options_fifo.max_table_files_size: 1073741824
2020/11/30-19:03:46.946314 10ac18e00 Options.compaction_options_fifo.allow_compaction: 0
2020/11/30-19:03:46.946315 10ac18e00                   Options.table_properties_collectors: 
2020/11/30-19:03:46.946316 10ac18e00                   Options.inplace_update_support: 0
2020/11/30-19:03:46.946317 10ac18e00                 Options.inplace_update_num_locks: 10000
2020/11/30-19:03:46.946318 10ac18e00               Options.memtable_prefix_bloom_size_ratio: 0.000000
2020/11/30-19:03:46.946319 10ac18e00               Options.memtable_whole_key_filtering: 0
2020/11/30-19:03:46.946319 10ac18e00   Options.memtable_huge_page_size: 0
2020/11/30-19:03:46.946320 10ac18e00                           Options.bloom_locality: 0
2020/11/30-19:03:46.946321 10ac18e00                    Options.max_successive_merges: 0
2020/11/30-19:03:46.946322 10ac18e00                Options.optimize_filters_for_hits: 0
2020/11/30-19:03:46.946323 10ac18e00                Options.paranoid_file_checks: 0
2020/11/30-19:03:46.946324 10ac18e00                Options.force_consistency_checks: 0
2020/11/30-19:03:46.946325 10ac18e00                Options.report_bg_io_stats: 0
2020/11/30-19:03:46.946326 10ac18e00                               Options.ttl: 2592000
2020/11/30-19:03:46.946326 10ac18e00          Options.periodic_compaction_seconds: 0
2020/11/30-19:03:46.946371 10ac18e00 [db/column_family.cc:579] --------------- Options for column family [index_to_message_id]:
2020/11/30-19:03:46.946373 10ac18e00               Options.comparator: leveldb.BytewiseComparator
2020/11/30-19:03:46.946374 10ac18e00           Options.merge_operator: None
2020/11/30-19:03:46.946375 10ac18e00        Options.compaction_filter: None
2020/11/30-19:03:46.946376 10ac18e00        Options.compaction_filter_factory: None
2020/11/30-19:03:46.946377 10ac18e00         Options.memtable_factory: SkipListFactory
2020/11/30-19:03:46.946378 10ac18e00            Options.table_factory: BlockBasedTable
2020/11/30-19:03:46.946391 10ac18e00            table_factory options:   flush_block_policy_factory: FlushBlockBySizePolicyFactory (0x7f87a15096b0)
  cache_index_and_filter_blocks: 0
  cache_index_and_filter_blocks_with_high_priority: 1
  pin_l0_filter_and_index_blocks_in_cache: 0
  pin_top_level_index_and_filter: 1
  index_type: 0
  data_block_index_type: 0
  index_shortening: 1
  data_block_hash_table_util_ratio: 0.750000
  hash_index_allow_collision: 1
  checksum: 1
  no_block_cache: 0
  block_cache: 0x7f87a15096f8
  block_cache_name: LRUCache
  block_cache_options:
    capacity : 8388608
    num_shard_bits : 4
    strict_capacity_limit : 0
    memory_allocator : None
    high_pri_pool_ratio: 0.000
  block_cache_compressed: 0x0
  persistent_cache: 0x0
  block_size: 4096
  block_size_deviation: 10
  block_restart_interval: 16
  index_block_restart_interval: 1
  metadata_block_size: 4096
  partition_filters: 0
  use_delta_encoding: 1
  filter_policy: nullptr
  whole_key_filtering: 1
  verify_compression: 0
  read_amp_bytes_per_bit: 0
  format_version: 4
  enable_index_compression: 1
  block_align: 0
2020/11/30-19:03:46.946392 10ac18e00        Options.write_buffer_size: 67108864
2020/11/30-19:03:46.946393 10ac18e00  Options.max_write_buffer_number: 2
2020/11/30-19:03:46.946394 10ac18e00          Options.compression: NoCompression
2020/11/30-19:03:46.946395 10ac18e00                  Options.bottommost_compression: Disabled
2020/11/30-19:03:46.946396 10ac18e00       Options.prefix_extractor: rocksdb.FixedPrefix.32
2020/11/30-19:03:46.946397 10ac18e00   Options.memtable_insert_with_hint_prefix_extractor: nullptr
2020/11/30-19:03:46.946398 10ac18e00             Options.num_levels: 7
2020/11/30-19:03:46.946398 10ac18e00        Options.min_write_buffer_number_to_merge: 1
2020/11/30-19:03:46.946399 10ac18e00     Options.max_write_buffer_number_to_maintain: 0
2020/11/30-19:03:46.946400 10ac18e00     Options.max_write_buffer_size_to_maintain: 0
2020/11/30-19:03:46.946401 10ac18e00            Options.bottommost_compression_opts.window_bits: -14
2020/11/30-19:03:46.946402 10ac18e00                  Options.bottommost_compression_opts.level: 32767
2020/11/30-19:03:46.946403 10ac18e00               Options.bottommost_compression_opts.strategy: 0
2020/11/30-19:03:46.946404 10ac18e00         Options.bottommost_compression_opts.max_dict_bytes: 0
2020/11/30-19:03:46.946405 10ac18e00         Options.bottommost_compression_opts.zstd_max_train_bytes: 0
2020/11/30-19:03:46.946406 10ac18e00         Options.bottommost_compression_opts.parallel_threads: 1
2020/11/30-19:03:46.946406 10ac18e00                  Options.bottommost_compression_opts.enabled: false
2020/11/30-19:03:46.946407 10ac18e00            Options.compression_opts.window_bits: -14
2020/11/30-19:03:46.946408 10ac18e00                  Options.compression_opts.level: 32767
2020/11/30-19:03:46.946409 10ac18e00               Options.compression_opts.strategy: 0
2020/11/30-19:03:46.946410 10ac18e00         Options.compression_opts.max_dict_bytes: 0
2020/11/30-19:03:46.946411 10ac18e00         Options.compression_opts.zstd_max_train_bytes: 0
2020/11/30-19:03:46.946412 10ac18e00         Options.compression_opts.parallel_threads: 1
2020/11/30-19:03:46.946413 10ac18e00                  Options.compression_opts.enabled: false
2020/11/30-19:03:46.946413 10ac18e00      Options.level0_file_num_compaction_trigger: 4
2020/11/30-19:03:46.946429 10ac18e00          Options.level0_slowdown_writes_trigger: 20
2020/11/30-19:03:46.946430 10ac18e00              Options.level0_stop_writes_trigger: 36
2020/11/30-19:03:46.946431 10ac18e00                   Options.target_file_size_base: 67108864
2020/11/30-19:03:46.946431 10ac18e00             Options.target_file_size_multiplier: 1
2020/11/30-19:03:46.946432 10ac18e00                Options.max_bytes_for_level_base: 268435456
2020/11/30-19:03:46.946433 10ac18e00 Options.level_compaction_dynamic_level_bytes: 0
2020/11/30-19:03:46.946434 10ac18e00          Options.max_bytes_for_level_multiplier: 10.000000
2020/11/30-19:03:46.946435 10ac18e00 Options.max_bytes_for_level_multiplier_addtl[0]: 1
2020/11/30-19:03:46.946436 10ac18e00 Options.max_bytes_for_level_multiplier_addtl[1]: 1
2020/11/30-19:03:46.946437 10ac18e00 Options.max_bytes_for_level_multiplier_addtl[2]: 1
2020/11/30-19:03:46.946438 10ac18e00 Options.max_bytes_for_level_multiplier_addtl[3]: 1
2020/11/30-19:03:46.946439 10ac18e00 Options.max_bytes_for_level_multiplier_addtl[4]: 1
2020/11/30-19:03:46.946440 10ac18e00 Options.max_bytes_for_level_multiplier_addtl[5]: 1
2020/11/30-19:03:46.946440 10ac18e00 Options.max_bytes_for_level_multiplier_addtl[6]: 1
2020/11/30-19:03:46.946441 10ac18e00       Options.max_sequential_skip_in_iterations: 8
2020/11/30-19:03:46.946442 10ac18e00                    Options.max_compaction_bytes: 1677721600
2020/11/30-19:03:46.946443 10ac18e00                        Options.arena_block_size: 8388608
2020/11/30-19:03:46.946444 10ac18e00   Options.soft_pending_compaction_bytes_limit: 68719476736
2020/11/30-19:03:46.946445 10ac18e00   Options.hard_pending_compaction_bytes_limit: 274877906944
2020/11/30-19:03:46.946446 10ac18e00       Options.rate_limit_delay_max_milliseconds: 100
2020/11/30-19:03:46.946447 10ac18e00                Options.disable_auto_compactions: 0
2020/11/30-19:03:46.946448 10ac18e00                        Options.compaction_style: kCompactionStyleLevel
2020/11/30-19:03:46.946449 10ac18e00                          Options.compaction_pri: kMinOverlappingRatio
2020/11/30-19:03:46.946449 10ac18e00 Options.compaction_options_universal.size_ratio: 1
2020/11/30-19:03:46.946450 10ac18e00 Options.compaction_options_universal.min_merge_width: 2
2020/11/30-19:03:46.946451 10ac18e00 Options.compaction_options_universal.max_merge_width: 4294967295
2020/11/30-19:03:46.946452 10ac18e00 Options.compaction_options_universal.max_size_amplification_percent: 200
2020/11/30-19:03:46.946453 10ac18e00 Options.compaction_options_universal.compression_size_percent: -1
2020/11/30-19:03:46.946454 10ac18e00 Options.compaction_options_universal.stop_style: kCompactionStopStyleTotalSize
2020/11/30-19:03:46.946455 10ac18e00 Options.compaction_options_fifo.max_table_files_size: 1073741824
2020/11/30-19:03:46.946456 10ac18e00 Options.compaction_options_fifo.allow_compaction: 0
2020/11/30-19:03:46.946457 10ac18e00                   Options.table_properties_collectors: 
