2020/11/23-15:12:48.577763 115dd5e00 RocksDB version: 6.11.4
2020/11/23-15:12:48.577826 115dd5e00 Git sha rocksdb_build_git_sha:@48bfca38f6f175435052a59791922a1a453d9609@
2020/11/23-15:12:48.577829 115dd5e00 Compile date Nov 22 2020
2020/11/23-15:12:48.577830 115dd5e00 DB SUMMARY
2020/11/23-15:12:48.577933 115dd5e00 CURRENT file:  CURRENT
2020/11/23-15:12:48.577935 115dd5e00 IDENTITY file:  IDENTITY
2020/11/23-15:12:48.577941 115dd5e00 MANIFEST file:  MANIFEST-000100 size: 699 Bytes
2020/11/23-15:12:48.577943 115dd5e00 SST files in ./database/alphanet dir, Total Num: 0, files: 
2020/11/23-15:12:48.577945 115dd5e00 Write Ahead Log file in ./database/alphanet: 000101.log size: 0 ; 
2020/11/23-15:12:48.577950 115dd5e00                         Options.error_if_exists: 0
2020/11/23-15:12:48.577951 115dd5e00                       Options.create_if_missing: 1
2020/11/23-15:12:48.577952 115dd5e00                         Options.paranoid_checks: 1
2020/11/23-15:12:48.577953 115dd5e00                                     Options.env: 0x10ba9b468
2020/11/23-15:12:48.577954 115dd5e00                                      Options.fs: Posix File System
2020/11/23-15:12:48.577955 115dd5e00                                Options.info_log: 0x7fdbbfd05d60
2020/11/23-15:12:48.577956 115dd5e00                Options.max_file_opening_threads: 16
2020/11/23-15:12:48.577957 115dd5e00                              Options.statistics: 0x7fdbbfe0c8d8
2020/11/23-15:12:48.577958 115dd5e00                               Options.use_fsync: 0
2020/11/23-15:12:48.577959 115dd5e00                       Options.max_log_file_size: 0
2020/11/23-15:12:48.577960 115dd5e00                  Options.max_manifest_file_size: 1073741824
2020/11/23-15:12:48.577961 115dd5e00                   Options.log_file_time_to_roll: 0
2020/11/23-15:12:48.577962 115dd5e00                       Options.keep_log_file_num: 1000
2020/11/23-15:12:48.577963 115dd5e00                    Options.recycle_log_file_num: 0
2020/11/23-15:12:48.577964 115dd5e00                         Options.allow_fallocate: 1
2020/11/23-15:12:48.577965 115dd5e00                        Options.allow_mmap_reads: 0
2020/11/23-15:12:48.577966 115dd5e00                       Options.allow_mmap_writes: 0
2020/11/23-15:12:48.577967 115dd5e00                        Options.use_direct_reads: 0
2020/11/23-15:12:48.577968 115dd5e00                        Options.use_direct_io_for_flush_and_compaction: 0
2020/11/23-15:12:48.577969 115dd5e00          Options.create_missing_column_families: 1
2020/11/23-15:12:48.577970 115dd5e00                              Options.db_log_dir: 
2020/11/23-15:12:48.577971 115dd5e00                                 Options.wal_dir: ./database/alphanet
2020/11/23-15:12:48.577972 115dd5e00                Options.table_cache_numshardbits: 6
2020/11/23-15:12:48.577973 115dd5e00                      Options.max_subcompactions: 1
2020/11/23-15:12:48.577974 115dd5e00                         Options.WAL_ttl_seconds: 0
2020/11/23-15:12:48.577975 115dd5e00                       Options.WAL_size_limit_MB: 0
2020/11/23-15:12:48.577976 115dd5e00                        Options.max_write_batch_group_size_bytes: 1048576
2020/11/23-15:12:48.577977 115dd5e00             Options.manifest_preallocation_size: 4194304
2020/11/23-15:12:48.577978 115dd5e00                     Options.is_fd_close_on_exec: 1
2020/11/23-15:12:48.577979 115dd5e00                   Options.advise_random_on_open: 1
2020/11/23-15:12:48.577980 115dd5e00                    Options.db_write_buffer_size: 0
2020/11/23-15:12:48.577981 115dd5e00                    Options.write_buffer_manager: 0x7fdbbfd05cd0
2020/11/23-15:12:48.577982 115dd5e00         Options.access_hint_on_compaction_start: 1
2020/11/23-15:12:48.577983 115dd5e00  Options.new_table_reader_for_compaction_inputs: 0
2020/11/23-15:12:48.577984 115dd5e00           Options.random_access_max_buffer_size: 1048576
2020/11/23-15:12:48.577985 115dd5e00                      Options.use_adaptive_mutex: 0
2020/11/23-15:12:48.577986 115dd5e00                            Options.rate_limiter: 0x0
2020/11/23-15:12:48.577989 115dd5e00     Options.sst_file_manager.rate_bytes_per_sec: 0
2020/11/23-15:12:48.578014 115dd5e00                       Options.wal_recovery_mode: 2
2020/11/23-15:12:48.578016 115dd5e00                  Options.enable_thread_tracking: 0
2020/11/23-15:12:48.578017 115dd5e00                  Options.enable_pipelined_write: 0
2020/11/23-15:12:48.578018 115dd5e00                  Options.unordered_write: 0
2020/11/23-15:12:48.578019 115dd5e00         Options.allow_concurrent_memtable_write: 1
2020/11/23-15:12:48.578020 115dd5e00      Options.enable_write_thread_adaptive_yield: 1
2020/11/23-15:12:48.578021 115dd5e00             Options.write_thread_max_yield_usec: 100
2020/11/23-15:12:48.578022 115dd5e00            Options.write_thread_slow_yield_usec: 3
2020/11/23-15:12:48.578023 115dd5e00                               Options.row_cache: None
2020/11/23-15:12:48.578024 115dd5e00                              Options.wal_filter: None
2020/11/23-15:12:48.578025 115dd5e00             Options.avoid_flush_during_recovery: 0
2020/11/23-15:12:48.578026 115dd5e00             Options.allow_ingest_behind: 0
2020/11/23-15:12:48.578027 115dd5e00             Options.preserve_deletes: 0
2020/11/23-15:12:48.578028 115dd5e00             Options.two_write_queues: 0
2020/11/23-15:12:48.578029 115dd5e00             Options.manual_wal_flush: 0
2020/11/23-15:12:48.578030 115dd5e00             Options.atomic_flush: 1
2020/11/23-15:12:48.578031 115dd5e00             Options.avoid_unnecessary_blocking_io: 0
2020/11/23-15:12:48.578032 115dd5e00                 Options.persist_stats_to_disk: 0
2020/11/23-15:12:48.578033 115dd5e00                 Options.write_dbid_to_manifest: 0
2020/11/23-15:12:48.578034 115dd5e00                 Options.log_readahead_size: 0
2020/11/23-15:12:48.578035 115dd5e00                 Options.file_checksum_gen_factory: Unknown
2020/11/23-15:12:48.578038 115dd5e00                 Options.best_efforts_recovery: 0
2020/11/23-15:12:48.578039 115dd5e00             Options.max_background_jobs: 12
2020/11/23-15:12:48.578040 115dd5e00             Options.max_background_compactions: -1
2020/11/23-15:12:48.578041 115dd5e00             Options.avoid_flush_during_shutdown: 0
2020/11/23-15:12:48.578042 115dd5e00           Options.writable_file_max_buffer_size: 1048576
2020/11/23-15:12:48.578043 115dd5e00             Options.delayed_write_rate : 16777216
2020/11/23-15:12:48.578044 115dd5e00             Options.max_total_wal_size: 0
2020/11/23-15:12:48.578045 115dd5e00             Options.delete_obsolete_files_period_micros: 21600000000
2020/11/23-15:12:48.578046 115dd5e00                   Options.stats_dump_period_sec: 600
2020/11/23-15:12:48.578047 115dd5e00                 Options.stats_persist_period_sec: 600
2020/11/23-15:12:48.578048 115dd5e00                 Options.stats_history_buffer_size: 1048576
2020/11/23-15:12:48.578049 115dd5e00                          Options.max_open_files: -1
2020/11/23-15:12:48.578050 115dd5e00                          Options.bytes_per_sync: 0
2020/11/23-15:12:48.578051 115dd5e00                      Options.wal_bytes_per_sync: 0
2020/11/23-15:12:48.578052 115dd5e00                   Options.strict_bytes_per_sync: 0
2020/11/23-15:12:48.578053 115dd5e00       Options.compaction_readahead_size: 0
2020/11/23-15:12:48.578054 115dd5e00                  Options.max_background_flushes: -1
2020/11/23-15:12:48.578055 115dd5e00 Compression algorithms supported:
2020/11/23-15:12:48.578056 115dd5e00 	kZSTD supported: 0
2020/11/23-15:12:48.578057 115dd5e00 	kZlibCompression supported: 0
2020/11/23-15:12:48.578059 115dd5e00 	kXpressCompression supported: 0
2020/11/23-15:12:48.578060 115dd5e00 	kSnappyCompression supported: 0
2020/11/23-15:12:48.578061 115dd5e00 	kZSTDNotFinalCompression supported: 0
2020/11/23-15:12:48.578062 115dd5e00 	kLZ4HCCompression supported: 0
2020/11/23-15:12:48.578063 115dd5e00 	kLZ4Compression supported: 0
2020/11/23-15:12:48.578064 115dd5e00 	kBZip2Compression supported: 0
2020/11/23-15:12:48.578067 115dd5e00 Fast CRC32 supported: Supported on x86
2020/11/23-15:12:48.578652 115dd5e00 [db/version_set.cc:4555] Recovering from manifest file: ./database/alphanet/MANIFEST-000100
2020/11/23-15:12:48.578793 115dd5e00 [db/column_family.cc:579] --------------- Options for column family [default]:
2020/11/23-15:12:48.578799 115dd5e00               Options.comparator: leveldb.BytewiseComparator
2020/11/23-15:12:48.578800 115dd5e00           Options.merge_operator: None
2020/11/23-15:12:48.578802 115dd5e00        Options.compaction_filter: None
2020/11/23-15:12:48.578803 115dd5e00        Options.compaction_filter_factory: None
2020/11/23-15:12:48.578804 115dd5e00         Options.memtable_factory: SkipListFactory
2020/11/23-15:12:48.578805 115dd5e00            Options.table_factory: BlockBasedTable
2020/11/23-15:12:48.578824 115dd5e00            table_factory options:   flush_block_policy_factory: FlushBlockBySizePolicyFactory (0x7fdbbfd04f90)
  cache_index_and_filter_blocks: 0
  cache_index_and_filter_blocks_with_high_priority: 1
  pin_l0_filter_and_index_blocks_in_cache: 0
  pin_top_level_index_and_filter: 1
  index_type: 0
  data_block_index_type: 0
  index_shortening: 1
  data_block_hash_table_util_ratio: 0.750000
  hash_index_allow_collision: 1
  checksum: 1
  no_block_cache: 0
  block_cache: 0x7fdbbfd04fd8
  block_cache_name: LRUCache
  block_cache_options:
    capacity : 8388608
    num_shard_bits : 4
    strict_capacity_limit : 0
    memory_allocator : None
    high_pri_pool_ratio: 0.000
  block_cache_compressed: 0x0
  persistent_cache: 0x0
  block_size: 4096
  block_size_deviation: 10
  block_restart_interval: 16
  index_block_restart_interval: 1
  metadata_block_size: 4096
  partition_filters: 0
  use_delta_encoding: 1
  filter_policy: nullptr
  whole_key_filtering: 1
  verify_compression: 0
  read_amp_bytes_per_bit: 0
  format_version: 4
  enable_index_compression: 1
  block_align: 0
2020/11/23-15:12:48.578826 115dd5e00        Options.write_buffer_size: 67108864
2020/11/23-15:12:48.578827 115dd5e00  Options.max_write_buffer_number: 2
2020/11/23-15:12:48.578828 115dd5e00          Options.compression: NoCompression
2020/11/23-15:12:48.578829 115dd5e00                  Options.bottommost_compression: Disabled
2020/11/23-15:12:48.578831 115dd5e00       Options.prefix_extractor: nullptr
2020/11/23-15:12:48.578832 115dd5e00   Options.memtable_insert_with_hint_prefix_extractor: nullptr
2020/11/23-15:12:48.578833 115dd5e00             Options.num_levels: 7
2020/11/23-15:12:48.578834 115dd5e00        Options.min_write_buffer_number_to_merge: 1
2020/11/23-15:12:48.578835 115dd5e00     Options.max_write_buffer_number_to_maintain: 0
2020/11/23-15:12:48.578836 115dd5e00     Options.max_write_buffer_size_to_maintain: 0
2020/11/23-15:12:48.578837 115dd5e00            Options.bottommost_compression_opts.window_bits: -14
2020/11/23-15:12:48.578838 115dd5e00                  Options.bottommost_compression_opts.level: 32767
2020/11/23-15:12:48.578839 115dd5e00               Options.bottommost_compression_opts.strategy: 0
2020/11/23-15:12:48.578840 115dd5e00         Options.bottommost_compression_opts.max_dict_bytes: 0
2020/11/23-15:12:48.578841 115dd5e00         Options.bottommost_compression_opts.zstd_max_train_bytes: 0
2020/11/23-15:12:48.578842 115dd5e00         Options.bottommost_compression_opts.parallel_threads: 1
2020/11/23-15:12:48.578843 115dd5e00                  Options.bottommost_compression_opts.enabled: false
2020/11/23-15:12:48.578844 115dd5e00            Options.compression_opts.window_bits: -14
2020/11/23-15:12:48.578846 115dd5e00                  Options.compression_opts.level: 32767
2020/11/23-15:12:48.578847 115dd5e00               Options.compression_opts.strategy: 0
2020/11/23-15:12:48.578848 115dd5e00         Options.compression_opts.max_dict_bytes: 0
2020/11/23-15:12:48.578849 115dd5e00         Options.compression_opts.zstd_max_train_bytes: 0
2020/11/23-15:12:48.578850 115dd5e00         Options.compression_opts.parallel_threads: 1
2020/11/23-15:12:48.578851 115dd5e00                  Options.compression_opts.enabled: false
2020/11/23-15:12:48.578852 115dd5e00      Options.level0_file_num_compaction_trigger: 4
2020/11/23-15:12:48.578853 115dd5e00          Options.level0_slowdown_writes_trigger: 20
2020/11/23-15:12:48.578875 115dd5e00              Options.level0_stop_writes_trigger: 36
2020/11/23-15:12:48.578876 115dd5e00                   Options.target_file_size_base: 67108864
2020/11/23-15:12:48.578877 115dd5e00             Options.target_file_size_multiplier: 1
2020/11/23-15:12:48.578878 115dd5e00                Options.max_bytes_for_level_base: 268435456
2020/11/23-15:12:48.578879 115dd5e00 Options.level_compaction_dynamic_level_bytes: 0
2020/11/23-15:12:48.578880 115dd5e00          Options.max_bytes_for_level_multiplier: 10.000000
2020/11/23-15:12:48.578882 115dd5e00 Options.max_bytes_for_level_multiplier_addtl[0]: 1
2020/11/23-15:12:48.578883 115dd5e00 Options.max_bytes_for_level_multiplier_addtl[1]: 1
2020/11/23-15:12:48.578884 115dd5e00 Options.max_bytes_for_level_multiplier_addtl[2]: 1
2020/11/23-15:12:48.578885 115dd5e00 Options.max_bytes_for_level_multiplier_addtl[3]: 1
2020/11/23-15:12:48.578886 115dd5e00 Options.max_bytes_for_level_multiplier_addtl[4]: 1
2020/11/23-15:12:48.578887 115dd5e00 Options.max_bytes_for_level_multiplier_addtl[5]: 1
2020/11/23-15:12:48.578888 115dd5e00 Options.max_bytes_for_level_multiplier_addtl[6]: 1
2020/11/23-15:12:48.578889 115dd5e00       Options.max_sequential_skip_in_iterations: 8
2020/11/23-15:12:48.578890 115dd5e00                    Options.max_compaction_bytes: 1677721600
2020/11/23-15:12:48.578891 115dd5e00                        Options.arena_block_size: 8388608
2020/11/23-15:12:48.578892 115dd5e00   Options.soft_pending_compaction_bytes_limit: 68719476736
2020/11/23-15:12:48.578893 115dd5e00   Options.hard_pending_compaction_bytes_limit: 274877906944
2020/11/23-15:12:48.578894 115dd5e00       Options.rate_limit_delay_max_milliseconds: 100
2020/11/23-15:12:48.578895 115dd5e00                Options.disable_auto_compactions: 0
2020/11/23-15:12:48.578897 115dd5e00                        Options.compaction_style: kCompactionStyleLevel
2020/11/23-15:12:48.578898 115dd5e00                          Options.compaction_pri: kMinOverlappingRatio
2020/11/23-15:12:48.578899 115dd5e00 Options.compaction_options_universal.size_ratio: 1
2020/11/23-15:12:48.578900 115dd5e00 Options.compaction_options_universal.min_merge_width: 2
2020/11/23-15:12:48.578901 115dd5e00 Options.compaction_options_universal.max_merge_width: 4294967295
2020/11/23-15:12:48.578902 115dd5e00 Options.compaction_options_universal.max_size_amplification_percent: 200
2020/11/23-15:12:48.578903 115dd5e00 Options.compaction_options_universal.compression_size_percent: -1
2020/11/23-15:12:48.578905 115dd5e00 Options.compaction_options_universal.stop_style: kCompactionStopStyleTotalSize
2020/11/23-15:12:48.578906 115dd5e00 Options.compaction_options_fifo.max_table_files_size: 1073741824
2020/11/23-15:12:48.578907 115dd5e00 Options.compaction_options_fifo.allow_compaction: 0
2020/11/23-15:12:48.578915 115dd5e00                   Options.table_properties_collectors: 
2020/11/23-15:12:48.578916 115dd5e00                   Options.inplace_update_support: 0
2020/11/23-15:12:48.578917 115dd5e00                 Options.inplace_update_num_locks: 10000
2020/11/23-15:12:48.578918 115dd5e00               Options.memtable_prefix_bloom_size_ratio: 0.000000
2020/11/23-15:12:48.578919 115dd5e00               Options.memtable_whole_key_filtering: 0
2020/11/23-15:12:48.578920 115dd5e00   Options.memtable_huge_page_size: 0
2020/11/23-15:12:48.578921 115dd5e00                           Options.bloom_locality: 0
2020/11/23-15:12:48.578922 115dd5e00                    Options.max_successive_merges: 0
2020/11/23-15:12:48.578923 115dd5e00                Options.optimize_filters_for_hits: 0
2020/11/23-15:12:48.578924 115dd5e00                Options.paranoid_file_checks: 0
2020/11/23-15:12:48.578925 115dd5e00                Options.force_consistency_checks: 0
2020/11/23-15:12:48.578926 115dd5e00                Options.report_bg_io_stats: 0
2020/11/23-15:12:48.578927 115dd5e00                               Options.ttl: 2592000
2020/11/23-15:12:48.578928 115dd5e00          Options.periodic_compaction_seconds: 0
2020/11/23-15:12:48.579564 115dd5e00 [db/column_family.cc:579] --------------- Options for column family [message_id_to_message]:
2020/11/23-15:12:48.579572 115dd5e00               Options.comparator: leveldb.BytewiseComparator
2020/11/23-15:12:48.579577 115dd5e00           Options.merge_operator: None
2020/11/23-15:12:48.579578 115dd5e00        Options.compaction_filter: None
2020/11/23-15:12:48.579579 115dd5e00        Options.compaction_filter_factory: None
2020/11/23-15:12:48.579580 115dd5e00         Options.memtable_factory: SkipListFactory
2020/11/23-15:12:48.579582 115dd5e00            Options.table_factory: BlockBasedTable
2020/11/23-15:12:48.579601 115dd5e00            table_factory options:   flush_block_policy_factory: FlushBlockBySizePolicyFactory (0x7fdbbfe04b10)
  cache_index_and_filter_blocks: 0
  cache_index_and_filter_blocks_with_high_priority: 1
  pin_l0_filter_and_index_blocks_in_cache: 0
  pin_top_level_index_and_filter: 1
  index_type: 0
  data_block_index_type: 0
  index_shortening: 1
  data_block_hash_table_util_ratio: 0.750000
  hash_index_allow_collision: 1
  checksum: 1
  no_block_cache: 0
  block_cache: 0x7fdbbfe06f68
  block_cache_name: LRUCache
  block_cache_options:
    capacity : 8388608
    num_shard_bits : 4
    strict_capacity_limit : 0
    memory_allocator : None
    high_pri_pool_ratio: 0.000
  block_cache_compressed: 0x0
  persistent_cache: 0x0
  block_size: 4096
  block_size_deviation: 10
  block_restart_interval: 16
  index_block_restart_interval: 1
  metadata_block_size: 4096
  partition_filters: 0
  use_delta_encoding: 1
  filter_policy: nullptr
  whole_key_filtering: 1
  verify_compression: 0
  read_amp_bytes_per_bit: 0
  format_version: 4
  enable_index_compression: 1
  block_align: 0
2020/11/23-15:12:48.579603 115dd5e00        Options.write_buffer_size: 67108864
2020/11/23-15:12:48.579604 115dd5e00  Options.max_write_buffer_number: 2
2020/11/23-15:12:48.579606 115dd5e00          Options.compression: NoCompression
2020/11/23-15:12:48.579607 115dd5e00                  Options.bottommost_compression: Disabled
2020/11/23-15:12:48.579608 115dd5e00       Options.prefix_extractor: nullptr
2020/11/23-15:12:48.579609 115dd5e00   Options.memtable_insert_with_hint_prefix_extractor: nullptr
2020/11/23-15:12:48.579610 115dd5e00             Options.num_levels: 7
2020/11/23-15:12:48.579611 115dd5e00        Options.min_write_buffer_number_to_merge: 1
2020/11/23-15:12:48.579612 115dd5e00     Options.max_write_buffer_number_to_maintain: 0
2020/11/23-15:12:48.579613 115dd5e00     Options.max_write_buffer_size_to_maintain: 0
2020/11/23-15:12:48.579614 115dd5e00            Options.bottommost_compression_opts.window_bits: -14
2020/11/23-15:12:48.579615 115dd5e00                  Options.bottommost_compression_opts.level: 32767
2020/11/23-15:12:48.579617 115dd5e00               Options.bottommost_compression_opts.strategy: 0
2020/11/23-15:12:48.579618 115dd5e00         Options.bottommost_compression_opts.max_dict_bytes: 0
2020/11/23-15:12:48.579619 115dd5e00         Options.bottommost_compression_opts.zstd_max_train_bytes: 0
2020/11/23-15:12:48.579620 115dd5e00         Options.bottommost_compression_opts.parallel_threads: 1
2020/11/23-15:12:48.579621 115dd5e00                  Options.bottommost_compression_opts.enabled: false
2020/11/23-15:12:48.579622 115dd5e00            Options.compression_opts.window_bits: -14
2020/11/23-15:12:48.579623 115dd5e00                  Options.compression_opts.level: 32767
2020/11/23-15:12:48.579624 115dd5e00               Options.compression_opts.strategy: 0
2020/11/23-15:12:48.579625 115dd5e00         Options.compression_opts.max_dict_bytes: 0
2020/11/23-15:12:48.579626 115dd5e00         Options.compression_opts.zstd_max_train_bytes: 0
2020/11/23-15:12:48.579627 115dd5e00         Options.compression_opts.parallel_threads: 1
2020/11/23-15:12:48.579628 115dd5e00                  Options.compression_opts.enabled: false
2020/11/23-15:12:48.579629 115dd5e00      Options.level0_file_num_compaction_trigger: 4
2020/11/23-15:12:48.579630 115dd5e00          Options.level0_slowdown_writes_trigger: 20
2020/11/23-15:12:48.579671 115dd5e00              Options.level0_stop_writes_trigger: 36
2020/11/23-15:12:48.579672 115dd5e00                   Options.target_file_size_base: 67108864
2020/11/23-15:12:48.579674 115dd5e00             Options.target_file_size_multiplier: 1
2020/11/23-15:12:48.579675 115dd5e00                Options.max_bytes_for_level_base: 268435456
2020/11/23-15:12:48.579676 115dd5e00 Options.level_compaction_dynamic_level_bytes: 0
2020/11/23-15:12:48.579677 115dd5e00          Options.max_bytes_for_level_multiplier: 10.000000
2020/11/23-15:12:48.579678 115dd5e00 Options.max_bytes_for_level_multiplier_addtl[0]: 1
2020/11/23-15:12:48.579679 115dd5e00 Options.max_bytes_for_level_multiplier_addtl[1]: 1
2020/11/23-15:12:48.579680 115dd5e00 Options.max_bytes_for_level_multiplier_addtl[2]: 1
2020/11/23-15:12:48.579681 115dd5e00 Options.max_bytes_for_level_multiplier_addtl[3]: 1
2020/11/23-15:12:48.579682 115dd5e00 Options.max_bytes_for_level_multiplier_addtl[4]: 1
2020/11/23-15:12:48.579683 115dd5e00 Options.max_bytes_for_level_multiplier_addtl[5]: 1
2020/11/23-15:12:48.579684 115dd5e00 Options.max_bytes_for_level_multiplier_addtl[6]: 1
2020/11/23-15:12:48.579685 115dd5e00       Options.max_sequential_skip_in_iterations: 8
2020/11/23-15:12:48.579686 115dd5e00                    Options.max_compaction_bytes: 1677721600
2020/11/23-15:12:48.579687 115dd5e00                        Options.arena_block_size: 8388608
2020/11/23-15:12:48.579688 115dd5e00   Options.soft_pending_compaction_bytes_limit: 68719476736
2020/11/23-15:12:48.579690 115dd5e00   Options.hard_pending_compaction_bytes_limit: 274877906944
2020/11/23-15:12:48.579691 115dd5e00       Options.rate_limit_delay_max_milliseconds: 100
2020/11/23-15:12:48.579692 115dd5e00                Options.disable_auto_compactions: 0
2020/11/23-15:12:48.579693 115dd5e00                        Options.compaction_style: kCompactionStyleLevel
2020/11/23-15:12:48.579694 115dd5e00                          Options.compaction_pri: kMinOverlappingRatio
2020/11/23-15:12:48.579695 115dd5e00 Options.compaction_options_universal.size_ratio: 1
2020/11/23-15:12:48.579696 115dd5e00 Options.compaction_options_universal.min_merge_width: 2
2020/11/23-15:12:48.579697 115dd5e00 Options.compaction_options_universal.max_merge_width: 4294967295
2020/11/23-15:12:48.579698 115dd5e00 Options.compaction_options_universal.max_size_amplification_percent: 200
2020/11/23-15:12:48.579699 115dd5e00 Options.compaction_options_universal.compression_size_percent: -1
2020/11/23-15:12:48.579701 115dd5e00 Options.compaction_options_universal.stop_style: kCompactionStopStyleTotalSize
2020/11/23-15:12:48.579702 115dd5e00 Options.compaction_options_fifo.max_table_files_size: 1073741824
2020/11/23-15:12:48.579703 115dd5e00 Options.compaction_options_fifo.allow_compaction: 0
2020/11/23-15:12:48.579705 115dd5e00                   Options.table_properties_collectors: 
2020/11/23-15:12:48.579706 115dd5e00                   Options.inplace_update_support: 0
2020/11/23-15:12:48.579707 115dd5e00                 Options.inplace_update_num_locks: 10000
2020/11/23-15:12:48.579708 115dd5e00               Options.memtable_prefix_bloom_size_ratio: 0.000000
2020/11/23-15:12:48.579709 115dd5e00               Options.memtable_whole_key_filtering: 0
2020/11/23-15:12:48.579710 115dd5e00   Options.memtable_huge_page_size: 0
2020/11/23-15:12:48.579711 115dd5e00                           Options.bloom_locality: 0
2020/11/23-15:12:48.579712 115dd5e00                    Options.max_successive_merges: 0
2020/11/23-15:12:48.579713 115dd5e00                Options.optimize_filters_for_hits: 0
2020/11/23-15:12:48.579714 115dd5e00                Options.paranoid_file_checks: 0
2020/11/23-15:12:48.579715 115dd5e00                Options.force_consistency_checks: 0
2020/11/23-15:12:48.579716 115dd5e00                Options.report_bg_io_stats: 0
2020/11/23-15:12:48.579717 115dd5e00                               Options.ttl: 2592000
2020/11/23-15:12:48.579718 115dd5e00          Options.periodic_compaction_seconds: 0
2020/11/23-15:12:48.579782 115dd5e00 [db/column_family.cc:579] --------------- Options for column family [message_id_to_message_id]:
2020/11/23-15:12:48.579785 115dd5e00               Options.comparator: leveldb.BytewiseComparator
2020/11/23-15:12:48.579786 115dd5e00           Options.merge_operator: None
2020/11/23-15:12:48.579787 115dd5e00        Options.compaction_filter: None
2020/11/23-15:12:48.579788 115dd5e00        Options.compaction_filter_factory: None
2020/11/23-15:12:48.579789 115dd5e00         Options.memtable_factory: SkipListFactory
2020/11/23-15:12:48.579790 115dd5e00            Options.table_factory: BlockBasedTable
2020/11/23-15:12:48.579806 115dd5e00            table_factory options:   flush_block_policy_factory: FlushBlockBySizePolicyFactory (0x7fdbbfe08640)
  cache_index_and_filter_blocks: 0
  cache_index_and_filter_blocks_with_high_priority: 1
  pin_l0_filter_and_index_blocks_in_cache: 0
  pin_top_level_index_and_filter: 1
  index_type: 0
  data_block_index_type: 0
  index_shortening: 1
  data_block_hash_table_util_ratio: 0.750000
  hash_index_allow_collision: 1
  checksum: 1
  no_block_cache: 0
  block_cache: 0x7fdbbfe08688
  block_cache_name: LRUCache
  block_cache_options:
    capacity : 8388608
    num_shard_bits : 4
    strict_capacity_limit : 0
    memory_allocator : None
    high_pri_pool_ratio: 0.000
  block_cache_compressed: 0x0
  persistent_cache: 0x0
  block_size: 4096
  block_size_deviation: 10
  block_restart_interval: 16
  index_block_restart_interval: 1
  metadata_block_size: 4096
  partition_filters: 0
  use_delta_encoding: 1
  filter_policy: nullptr
  whole_key_filtering: 1
  verify_compression: 0
  read_amp_bytes_per_bit: 0
  format_version: 4
  enable_index_compression: 1
  block_align: 0
2020/11/23-15:12:48.579807 115dd5e00        Options.write_buffer_size: 67108864
2020/11/23-15:12:48.579808 115dd5e00  Options.max_write_buffer_number: 2
2020/11/23-15:12:48.579809 115dd5e00          Options.compression: NoCompression
2020/11/23-15:12:48.579810 115dd5e00                  Options.bottommost_compression: Disabled
2020/11/23-15:12:48.579814 115dd5e00       Options.prefix_extractor: rocksdb.FixedPrefix.32
2020/11/23-15:12:48.579815 115dd5e00   Options.memtable_insert_with_hint_prefix_extractor: nullptr
2020/11/23-15:12:48.579816 115dd5e00             Options.num_levels: 7
2020/11/23-15:12:48.579817 115dd5e00        Options.min_write_buffer_number_to_merge: 1
2020/11/23-15:12:48.579818 115dd5e00     Options.max_write_buffer_number_to_maintain: 0
2020/11/23-15:12:48.579819 115dd5e00     Options.max_write_buffer_size_to_maintain: 0
2020/11/23-15:12:48.579820 115dd5e00            Options.bottommost_compression_opts.window_bits: -14
2020/11/23-15:12:48.579821 115dd5e00                  Options.bottommost_compression_opts.level: 32767
2020/11/23-15:12:48.579822 115dd5e00               Options.bottommost_compression_opts.strategy: 0
2020/11/23-15:12:48.579823 115dd5e00         Options.bottommost_compression_opts.max_dict_bytes: 0
2020/11/23-15:12:48.579825 115dd5e00         Options.bottommost_compression_opts.zstd_max_train_bytes: 0
2020/11/23-15:12:48.579826 115dd5e00         Options.bottommost_compression_opts.parallel_threads: 1
2020/11/23-15:12:48.579827 115dd5e00                  Options.bottommost_compression_opts.enabled: false
2020/11/23-15:12:48.579828 115dd5e00            Options.compression_opts.window_bits: -14
2020/11/23-15:12:48.579829 115dd5e00                  Options.compression_opts.level: 32767
2020/11/23-15:12:48.579830 115dd5e00               Options.compression_opts.strategy: 0
2020/11/23-15:12:48.579831 115dd5e00         Options.compression_opts.max_dict_bytes: 0
2020/11/23-15:12:48.579832 115dd5e00         Options.compression_opts.zstd_max_train_bytes: 0
2020/11/23-15:12:48.579833 115dd5e00         Options.compression_opts.parallel_threads: 1
2020/11/23-15:12:48.579834 115dd5e00                  Options.compression_opts.enabled: false
2020/11/23-15:12:48.579835 115dd5e00      Options.level0_file_num_compaction_trigger: 4
2020/11/23-15:12:48.579836 115dd5e00          Options.level0_slowdown_writes_trigger: 20
2020/11/23-15:12:48.579854 115dd5e00              Options.level0_stop_writes_trigger: 36
2020/11/23-15:12:48.579856 115dd5e00                   Options.target_file_size_base: 67108864
2020/11/23-15:12:48.579857 115dd5e00             Options.target_file_size_multiplier: 1
2020/11/23-15:12:48.579858 115dd5e00                Options.max_bytes_for_level_base: 268435456
2020/11/23-15:12:48.579859 115dd5e00 Options.level_compaction_dynamic_level_bytes: 0
2020/11/23-15:12:48.579860 115dd5e00          Options.max_bytes_for_level_multiplier: 10.000000
2020/11/23-15:12:48.579861 115dd5e00 Options.max_bytes_for_level_multiplier_addtl[0]: 1
2020/11/23-15:12:48.579862 115dd5e00 Options.max_bytes_for_level_multiplier_addtl[1]: 1
2020/11/23-15:12:48.579863 115dd5e00 Options.max_bytes_for_level_multiplier_addtl[2]: 1
2020/11/23-15:12:48.579864 115dd5e00 Options.max_bytes_for_level_multiplier_addtl[3]: 1
2020/11/23-15:12:48.579865 115dd5e00 Options.max_bytes_for_level_multiplier_addtl[4]: 1
2020/11/23-15:12:48.579866 115dd5e00 Options.max_bytes_for_level_multiplier_addtl[5]: 1
2020/11/23-15:12:48.579867 115dd5e00 Options.max_bytes_for_level_multiplier_addtl[6]: 1
2020/11/23-15:12:48.579868 115dd5e00       Options.max_sequential_skip_in_iterations: 8
2020/11/23-15:12:48.579869 115dd5e00                    Options.max_compaction_bytes: 1677721600
2020/11/23-15:12:48.579870 115dd5e00                        Options.arena_block_size: 8388608
2020/11/23-15:12:48.579871 115dd5e00   Options.soft_pending_compaction_bytes_limit: 68719476736
2020/11/23-15:12:48.579872 115dd5e00   Options.hard_pending_compaction_bytes_limit: 274877906944
2020/11/23-15:12:48.579873 115dd5e00       Options.rate_limit_delay_max_milliseconds: 100
2020/11/23-15:12:48.579874 115dd5e00                Options.disable_auto_compactions: 0
2020/11/23-15:12:48.579876 115dd5e00                        Options.compaction_style: kCompactionStyleLevel
2020/11/23-15:12:48.579877 115dd5e00                          Options.compaction_pri: kMinOverlappingRatio
2020/11/23-15:12:48.579878 115dd5e00 Options.compaction_options_universal.size_ratio: 1
2020/11/23-15:12:48.579879 115dd5e00 Options.compaction_options_universal.min_merge_width: 2
2020/11/23-15:12:48.579880 115dd5e00 Options.compaction_options_universal.max_merge_width: 4294967295
2020/11/23-15:12:48.579881 115dd5e00 Options.compaction_options_universal.max_size_amplification_percent: 200
2020/11/23-15:12:48.579882 115dd5e00 Options.compaction_options_universal.compression_size_percent: -1
2020/11/23-15:12:48.579883 115dd5e00 Options.compaction_options_universal.stop_style: kCompactionStopStyleTotalSize
2020/11/23-15:12:48.579884 115dd5e00 Options.compaction_options_fifo.max_table_files_size: 1073741824
2020/11/23-15:12:48.579885 115dd5e00 Options.compaction_options_fifo.allow_compaction: 0
2020/11/23-15:12:48.579887 115dd5e00                   Options.table_properties_collectors: 
2020/11/23-15:12:48.579888 115dd5e00                   Options.inplace_update_support: 0
2020/11/23-15:12:48.579889 115dd5e00                 Options.inplace_update_num_locks: 10000
2020/11/23-15:12:48.579890 115dd5e00               Options.memtable_prefix_bloom_size_ratio: 0.000000
2020/11/23-15:12:48.579891 115dd5e00               Options.memtable_whole_key_filtering: 0
2020/11/23-15:12:48.579892 115dd5e00   Options.memtable_huge_page_size: 0
2020/11/23-15:12:48.579893 115dd5e00                           Options.bloom_locality: 0
2020/11/23-15:12:48.579894 115dd5e00                    Options.max_successive_merges: 0
2020/11/23-15:12:48.579895 115dd5e00                Options.optimize_filters_for_hits: 0
2020/11/23-15:12:48.579896 115dd5e00                Options.paranoid_file_checks: 0
2020/11/23-15:12:48.579897 115dd5e00                Options.force_consistency_checks: 0
2020/11/23-15:12:48.579898 115dd5e00                Options.report_bg_io_stats: 0
2020/11/23-15:12:48.579899 115dd5e00                               Options.ttl: 2592000
2020/11/23-15:12:48.579900 115dd5e00          Options.periodic_compaction_seconds: 0
2020/11/23-15:12:48.579954 115dd5e00 [db/column_family.cc:579] --------------- Options for column family [index_to_message_id]:
2020/11/23-15:12:48.579957 115dd5e00               Options.comparator: leveldb.BytewiseComparator
2020/11/23-15:12:48.579958 115dd5e00           Options.merge_operator: None
2020/11/23-15:12:48.579959 115dd5e00        Options.compaction_filter: None
2020/11/23-15:12:48.579960 115dd5e00        Options.compaction_filter_factory: None
2020/11/23-15:12:48.579961 115dd5e00         Options.memtable_factory: SkipListFactory
2020/11/23-15:12:48.579962 115dd5e00            Options.table_factory: BlockBasedTable
2020/11/23-15:12:48.579973 115dd5e00            table_factory options:   flush_block_policy_factory: FlushBlockBySizePolicyFactory (0x7fdbbfe09230)
  cache_index_and_filter_blocks: 0
  cache_index_and_filter_blocks_with_high_priority: 1
  pin_l0_filter_and_index_blocks_in_cache: 0
  pin_top_level_index_and_filter: 1
  index_type: 0
  data_block_index_type: 0
  index_shortening: 1
  data_block_hash_table_util_ratio: 0.750000
  hash_index_allow_collision: 1
  checksum: 1
  no_block_cache: 0
  block_cache: 0x7fdbbfe09278
  block_cache_name: LRUCache
  block_cache_options:
    capacity : 8388608
    num_shard_bits : 4
    strict_capacity_limit : 0
    memory_allocator : None
    high_pri_pool_ratio: 0.000
  block_cache_compressed: 0x0
  persistent_cache: 0x0
  block_size: 4096
  block_size_deviation: 10
  block_restart_interval: 16
  index_block_restart_interval: 1
  metadata_block_size: 4096
  partition_filters: 0
  use_delta_encoding: 1
  filter_policy: nullptr
  whole_key_filtering: 1
  verify_compression: 0
  read_amp_bytes_per_bit: 0
  format_version: 4
  enable_index_compression: 1
  block_align: 0
2020/11/23-15:12:48.579974 115dd5e00        Options.write_buffer_size: 67108864
2020/11/23-15:12:48.579975 115dd5e00  Options.max_write_buffer_number: 2
2020/11/23-15:12:48.579976 115dd5e00          Options.compression: NoCompression
2020/11/23-15:12:48.579977 115dd5e00                  Options.bottommost_compression: Disabled
2020/11/23-15:12:48.579978 115dd5e00       Options.prefix_extractor: rocksdb.FixedPrefix.32
2020/11/23-15:12:48.579979 115dd5e00   Options.memtable_insert_with_hint_prefix_extractor: nullptr
2020/11/23-15:12:48.579981 115dd5e00             Options.num_levels: 7
2020/11/23-15:12:48.579982 115dd5e00        Options.min_write_buffer_number_to_merge: 1
2020/11/23-15:12:48.579983 115dd5e00     Options.max_write_buffer_number_to_maintain: 0
2020/11/23-15:12:48.579984 115dd5e00     Options.max_write_buffer_size_to_maintain: 0
2020/11/23-15:12:48.579985 115dd5e00            Options.bottommost_compression_opts.window_bits: -14
2020/11/23-15:12:48.579986 115dd5e00                  Options.bottommost_compression_opts.level: 32767
2020/11/23-15:12:48.579987 115dd5e00               Options.bottommost_compression_opts.strategy: 0
2020/11/23-15:12:48.579988 115dd5e00         Options.bottommost_compression_opts.max_dict_bytes: 0
2020/11/23-15:12:48.579989 115dd5e00         Options.bottommost_compression_opts.zstd_max_train_bytes: 0
2020/11/23-15:12:48.579990 115dd5e00         Options.bottommost_compression_opts.parallel_threads: 1
2020/11/23-15:12:48.579991 115dd5e00                  Options.bottommost_compression_opts.enabled: false
2020/11/23-15:12:48.579992 115dd5e00            Options.compression_opts.window_bits: -14
2020/11/23-15:12:48.579994 115dd5e00                  Options.compression_opts.level: 32767
2020/11/23-15:12:48.579995 115dd5e00               Options.compression_opts.strategy: 0
2020/11/23-15:12:48.579995 115dd5e00         Options.compression_opts.max_dict_bytes: 0
2020/11/23-15:12:48.579996 115dd5e00         Options.compression_opts.zstd_max_train_bytes: 0
2020/11/23-15:12:48.579998 115dd5e00         Options.compression_opts.parallel_threads: 1
2020/11/23-15:12:48.579999 115dd5e00                  Options.compression_opts.enabled: false
2020/11/23-15:12:48.580000 115dd5e00      Options.level0_file_num_compaction_trigger: 4
2020/11/23-15:12:48.580019 115dd5e00          Options.level0_slowdown_writes_trigger: 20
2020/11/23-15:12:48.580021 115dd5e00              Options.level0_stop_writes_trigger: 36
2020/11/23-15:12:48.580022 115dd5e00                   Options.target_file_size_base: 67108864
2020/11/23-15:12:48.580023 115dd5e00             Options.target_file_size_multiplier: 1
2020/11/23-15:12:48.580024 115dd5e00                Options.max_bytes_for_level_base: 268435456
2020/11/23-15:12:48.580025 115dd5e00 Options.level_compaction_dynamic_level_bytes: 0
2020/11/23-15:12:48.580026 115dd5e00          Options.max_bytes_for_level_multiplier: 10.000000
2020/11/23-15:12:48.580027 115dd5e00 Options.max_bytes_for_level_multiplier_addtl[0]: 1
2020/11/23-15:12:48.580028 115dd5e00 Options.max_bytes_for_level_multiplier_addtl[1]: 1
2020/11/23-15:12:48.580029 115dd5e00 Options.max_bytes_for_level_multiplier_addtl[2]: 1
2020/11/23-15:12:48.580030 115dd5e00 Options.max_bytes_for_level_multiplier_addtl[3]: 1
2020/11/23-15:12:48.580031 115dd5e00 Options.max_bytes_for_level_multiplier_addtl[4]: 1
2020/11/23-15:12:48.580032 115dd5e00 Options.max_bytes_for_level_multiplier_addtl[5]: 1
2020/11/23-15:12:48.580033 115dd5e00 Options.max_bytes_for_level_multiplier_addtl[6]: 1
2020/11/23-15:12:48.580035 115dd5e00       Options.max_sequential_skip_in_iterations: 8
2020/11/23-15:12:48.580036 115dd5e00                    Options.max_compaction_bytes: 1677721600
2020/11/23-15:12:48.580037 115dd5e00                        Options.arena_block_size: 8388608
2020/11/23-15:12:48.580038 115dd5e00   Options.soft_pending_compaction_bytes_limit: 68719476736
2020/11/23-15:12:48.580039 115dd5e00   Options.hard_pending_compaction_bytes_limit: 274877906944
2020/11/23-15:12:48.580040 115dd5e00       Options.rate_limit_delay_max_milliseconds: 100
2020/11/23-15:12:48.580041 115dd5e00                Options.disable_auto_compactions: 0
2020/11/23-15:12:48.580042 115dd5e00                        Options.compaction_style: kCompactionStyleLevel
2020/11/23-15:12:48.580043 115dd5e00                          Options.compaction_pri: kMinOverlappingRatio
2020/11/23-15:12:48.580044 115dd5e00 Options.compaction_options_universal.size_ratio: 1
2020/11/23-15:12:48.580045 115dd5e00 Options.compaction_options_universal.min_merge_width: 2
2020/11/23-15:12:48.580046 115dd5e00 Options.compaction_options_universal.max_merge_width: 4294967295
2020/11/23-15:12:48.580048 115dd5e00 Options.compaction_options_universal.max_size_amplification_percent: 200
2020/11/23-15:12:48.580049 115dd5e00 Options.compaction_options_universal.compression_size_percent: -1
2020/11/23-15:12:48.580050 115dd5e00 Options.compaction_options_universal.stop_style: kCompactionStopStyleTotalSize
2020/11/23-15:12:48.580051 115dd5e00 Options.compaction_options_fifo.max_table_files_size: 1073741824
2020/11/23-15:12:48.580052 115dd5e00 Options.compaction_options_fifo.allow_compaction: 0
2020/11/23-15:12:48.580054 115dd5e00                   Options.table_properties_collectors: 
