2020/11/30-18:39:01.939438 1118a0e00 RocksDB version: 6.11.4
2020/11/30-18:39:01.939508 1118a0e00 Git sha rocksdb_build_git_sha:@48bfca38f6f175435052a59791922a1a453d9609@
2020/11/30-18:39:01.939511 1118a0e00 Compile date Nov 30 2020
2020/11/30-18:39:01.939513 1118a0e00 DB SUMMARY
2020/11/30-18:39:01.939763 1118a0e00 CURRENT file:  CURRENT
2020/11/30-18:39:01.939765 1118a0e00 IDENTITY file:  IDENTITY
2020/11/30-18:39:01.939773 1118a0e00 MANIFEST file:  MANIFEST-000448 size: 825 Bytes
2020/11/30-18:39:01.939775 1118a0e00 SST files in ./database/alphanet dir, Total Num: 0, files: 
2020/11/30-18:39:01.939777 1118a0e00 Write Ahead Log file in ./database/alphanet: 000449.log size: 0 ; 
2020/11/30-18:39:01.939793 1118a0e00                         Options.error_if_exists: 0
2020/11/30-18:39:01.939795 1118a0e00                       Options.create_if_missing: 1
2020/11/30-18:39:01.939796 1118a0e00                         Options.paranoid_checks: 1
2020/11/30-18:39:01.939797 1118a0e00                                     Options.env: 0x1016674b8
2020/11/30-18:39:01.939798 1118a0e00                                      Options.fs: Posix File System
2020/11/30-18:39:01.939799 1118a0e00                                Options.info_log: 0x7fe1bcd04270
2020/11/30-18:39:01.939800 1118a0e00                Options.max_file_opening_threads: 16
2020/11/30-18:39:01.939801 1118a0e00                              Options.statistics: 0x7fe1bf00ce48
2020/11/30-18:39:01.939802 1118a0e00                               Options.use_fsync: 0
2020/11/30-18:39:01.939803 1118a0e00                       Options.max_log_file_size: 0
2020/11/30-18:39:01.939804 1118a0e00                  Options.max_manifest_file_size: 1073741824
2020/11/30-18:39:01.939806 1118a0e00                   Options.log_file_time_to_roll: 0
2020/11/30-18:39:01.939807 1118a0e00                       Options.keep_log_file_num: 1000
2020/11/30-18:39:01.939808 1118a0e00                    Options.recycle_log_file_num: 0
2020/11/30-18:39:01.939809 1118a0e00                         Options.allow_fallocate: 1
2020/11/30-18:39:01.939810 1118a0e00                        Options.allow_mmap_reads: 0
2020/11/30-18:39:01.939811 1118a0e00                       Options.allow_mmap_writes: 0
2020/11/30-18:39:01.939812 1118a0e00                        Options.use_direct_reads: 0
2020/11/30-18:39:01.939813 1118a0e00                        Options.use_direct_io_for_flush_and_compaction: 0
2020/11/30-18:39:01.939814 1118a0e00          Options.create_missing_column_families: 1
2020/11/30-18:39:01.939815 1118a0e00                              Options.db_log_dir: 
2020/11/30-18:39:01.939816 1118a0e00                                 Options.wal_dir: ./database/alphanet
2020/11/30-18:39:01.939817 1118a0e00                Options.table_cache_numshardbits: 6
2020/11/30-18:39:01.939818 1118a0e00                      Options.max_subcompactions: 1
2020/11/30-18:39:01.939819 1118a0e00                         Options.WAL_ttl_seconds: 0
2020/11/30-18:39:01.939820 1118a0e00                       Options.WAL_size_limit_MB: 0
2020/11/30-18:39:01.939821 1118a0e00                        Options.max_write_batch_group_size_bytes: 1048576
2020/11/30-18:39:01.939822 1118a0e00             Options.manifest_preallocation_size: 4194304
2020/11/30-18:39:01.939823 1118a0e00                     Options.is_fd_close_on_exec: 1
2020/11/30-18:39:01.939824 1118a0e00                   Options.advise_random_on_open: 1
2020/11/30-18:39:01.939825 1118a0e00                    Options.db_write_buffer_size: 0
2020/11/30-18:39:01.939826 1118a0e00                    Options.write_buffer_manager: 0x7fe1bcd04370
2020/11/30-18:39:01.939827 1118a0e00         Options.access_hint_on_compaction_start: 1
2020/11/30-18:39:01.939828 1118a0e00  Options.new_table_reader_for_compaction_inputs: 0
2020/11/30-18:39:01.939829 1118a0e00           Options.random_access_max_buffer_size: 1048576
2020/11/30-18:39:01.939830 1118a0e00                      Options.use_adaptive_mutex: 0
2020/11/30-18:39:01.939831 1118a0e00                            Options.rate_limiter: 0x0
2020/11/30-18:39:01.939832 1118a0e00     Options.sst_file_manager.rate_bytes_per_sec: 0
2020/11/30-18:39:01.939857 1118a0e00                       Options.wal_recovery_mode: 2
2020/11/30-18:39:01.939858 1118a0e00                  Options.enable_thread_tracking: 0
2020/11/30-18:39:01.939859 1118a0e00                  Options.enable_pipelined_write: 0
2020/11/30-18:39:01.939862 1118a0e00                  Options.unordered_write: 0
2020/11/30-18:39:01.939863 1118a0e00         Options.allow_concurrent_memtable_write: 1
2020/11/30-18:39:01.939864 1118a0e00      Options.enable_write_thread_adaptive_yield: 1
2020/11/30-18:39:01.939865 1118a0e00             Options.write_thread_max_yield_usec: 100
2020/11/30-18:39:01.939866 1118a0e00            Options.write_thread_slow_yield_usec: 3
2020/11/30-18:39:01.939867 1118a0e00                               Options.row_cache: None
2020/11/30-18:39:01.939868 1118a0e00                              Options.wal_filter: None
2020/11/30-18:39:01.939870 1118a0e00             Options.avoid_flush_during_recovery: 0
2020/11/30-18:39:01.939870 1118a0e00             Options.allow_ingest_behind: 0
2020/11/30-18:39:01.939871 1118a0e00             Options.preserve_deletes: 0
2020/11/30-18:39:01.939872 1118a0e00             Options.two_write_queues: 0
2020/11/30-18:39:01.939873 1118a0e00             Options.manual_wal_flush: 0
2020/11/30-18:39:01.939874 1118a0e00             Options.atomic_flush: 1
2020/11/30-18:39:01.939875 1118a0e00             Options.avoid_unnecessary_blocking_io: 0
2020/11/30-18:39:01.939876 1118a0e00                 Options.persist_stats_to_disk: 0
2020/11/30-18:39:01.939877 1118a0e00                 Options.write_dbid_to_manifest: 0
2020/11/30-18:39:01.939878 1118a0e00                 Options.log_readahead_size: 0
2020/11/30-18:39:01.939879 1118a0e00                 Options.file_checksum_gen_factory: Unknown
2020/11/30-18:39:01.939882 1118a0e00                 Options.best_efforts_recovery: 0
2020/11/30-18:39:01.939883 1118a0e00             Options.max_background_jobs: 12
2020/11/30-18:39:01.939884 1118a0e00             Options.max_background_compactions: -1
2020/11/30-18:39:01.939885 1118a0e00             Options.avoid_flush_during_shutdown: 0
2020/11/30-18:39:01.939886 1118a0e00           Options.writable_file_max_buffer_size: 1048576
2020/11/30-18:39:01.939887 1118a0e00             Options.delayed_write_rate : 16777216
2020/11/30-18:39:01.939888 1118a0e00             Options.max_total_wal_size: 0
2020/11/30-18:39:01.939889 1118a0e00             Options.delete_obsolete_files_period_micros: 21600000000
2020/11/30-18:39:01.939891 1118a0e00                   Options.stats_dump_period_sec: 600
2020/11/30-18:39:01.939892 1118a0e00                 Options.stats_persist_period_sec: 600
2020/11/30-18:39:01.939893 1118a0e00                 Options.stats_history_buffer_size: 1048576
2020/11/30-18:39:01.939894 1118a0e00                          Options.max_open_files: -1
2020/11/30-18:39:01.939895 1118a0e00                          Options.bytes_per_sync: 0
2020/11/30-18:39:01.939896 1118a0e00                      Options.wal_bytes_per_sync: 0
2020/11/30-18:39:01.939897 1118a0e00                   Options.strict_bytes_per_sync: 0
2020/11/30-18:39:01.939898 1118a0e00       Options.compaction_readahead_size: 0
2020/11/30-18:39:01.939899 1118a0e00                  Options.max_background_flushes: -1
2020/11/30-18:39:01.939900 1118a0e00 Compression algorithms supported:
2020/11/30-18:39:01.939901 1118a0e00 	kZSTD supported: 0
2020/11/30-18:39:01.939902 1118a0e00 	kZlibCompression supported: 0
2020/11/30-18:39:01.939903 1118a0e00 	kXpressCompression supported: 0
2020/11/30-18:39:01.939904 1118a0e00 	kSnappyCompression supported: 0
2020/11/30-18:39:01.939905 1118a0e00 	kZSTDNotFinalCompression supported: 0
2020/11/30-18:39:01.939906 1118a0e00 	kLZ4HCCompression supported: 0
2020/11/30-18:39:01.939907 1118a0e00 	kLZ4Compression supported: 0
2020/11/30-18:39:01.939908 1118a0e00 	kBZip2Compression supported: 0
2020/11/30-18:39:01.939912 1118a0e00 Fast CRC32 supported: Supported on x86
2020/11/30-18:39:01.940078 1118a0e00 [db/version_set.cc:4555] Recovering from manifest file: ./database/alphanet/MANIFEST-000448
2020/11/30-18:39:01.940156 1118a0e00 [db/column_family.cc:579] --------------- Options for column family [default]:
2020/11/30-18:39:01.940159 1118a0e00               Options.comparator: leveldb.BytewiseComparator
2020/11/30-18:39:01.940161 1118a0e00           Options.merge_operator: None
2020/11/30-18:39:01.940162 1118a0e00        Options.compaction_filter: None
2020/11/30-18:39:01.940163 1118a0e00        Options.compaction_filter_factory: None
2020/11/30-18:39:01.940164 1118a0e00         Options.memtable_factory: SkipListFactory
2020/11/30-18:39:01.940165 1118a0e00            Options.table_factory: BlockBasedTable
2020/11/30-18:39:01.940207 1118a0e00            table_factory options:   flush_block_policy_factory: FlushBlockBySizePolicyFactory (0x7fe1bce10db0)
  cache_index_and_filter_blocks: 0
  cache_index_and_filter_blocks_with_high_priority: 1
  pin_l0_filter_and_index_blocks_in_cache: 0
  pin_top_level_index_and_filter: 1
  index_type: 0
  data_block_index_type: 0
  index_shortening: 1
  data_block_hash_table_util_ratio: 0.750000
  hash_index_allow_collision: 1
  checksum: 1
  no_block_cache: 0
  block_cache: 0x7fe1bce114c8
  block_cache_name: LRUCache
  block_cache_options:
    capacity : 8388608
    num_shard_bits : 4
    strict_capacity_limit : 0
    memory_allocator : None
    high_pri_pool_ratio: 0.000
  block_cache_compressed: 0x0
  persistent_cache: 0x0
  block_size: 4096
  block_size_deviation: 10
  block_restart_interval: 16
  index_block_restart_interval: 1
  metadata_block_size: 4096
  partition_filters: 0
  use_delta_encoding: 1
  filter_policy: nullptr
  whole_key_filtering: 1
  verify_compression: 0
  read_amp_bytes_per_bit: 0
  format_version: 4
  enable_index_compression: 1
  block_align: 0
2020/11/30-18:39:01.940211 1118a0e00        Options.write_buffer_size: 67108864
2020/11/30-18:39:01.940212 1118a0e00  Options.max_write_buffer_number: 2
2020/11/30-18:39:01.940213 1118a0e00          Options.compression: NoCompression
2020/11/30-18:39:01.940214 1118a0e00                  Options.bottommost_compression: Disabled
2020/11/30-18:39:01.940215 1118a0e00       Options.prefix_extractor: nullptr
2020/11/30-18:39:01.940216 1118a0e00   Options.memtable_insert_with_hint_prefix_extractor: nullptr
2020/11/30-18:39:01.940217 1118a0e00             Options.num_levels: 7
2020/11/30-18:39:01.940218 1118a0e00        Options.min_write_buffer_number_to_merge: 1
2020/11/30-18:39:01.940219 1118a0e00     Options.max_write_buffer_number_to_maintain: 0
2020/11/30-18:39:01.940220 1118a0e00     Options.max_write_buffer_size_to_maintain: 0
2020/11/30-18:39:01.940221 1118a0e00            Options.bottommost_compression_opts.window_bits: -14
2020/11/30-18:39:01.940223 1118a0e00                  Options.bottommost_compression_opts.level: 32767
2020/11/30-18:39:01.940224 1118a0e00               Options.bottommost_compression_opts.strategy: 0
2020/11/30-18:39:01.940225 1118a0e00         Options.bottommost_compression_opts.max_dict_bytes: 0
2020/11/30-18:39:01.940226 1118a0e00         Options.bottommost_compression_opts.zstd_max_train_bytes: 0
2020/11/30-18:39:01.940227 1118a0e00         Options.bottommost_compression_opts.parallel_threads: 1
2020/11/30-18:39:01.940228 1118a0e00                  Options.bottommost_compression_opts.enabled: false
2020/11/30-18:39:01.940229 1118a0e00            Options.compression_opts.window_bits: -14
2020/11/30-18:39:01.940230 1118a0e00                  Options.compression_opts.level: 32767
2020/11/30-18:39:01.940231 1118a0e00               Options.compression_opts.strategy: 0
2020/11/30-18:39:01.940232 1118a0e00         Options.compression_opts.max_dict_bytes: 0
2020/11/30-18:39:01.940233 1118a0e00         Options.compression_opts.zstd_max_train_bytes: 0
2020/11/30-18:39:01.940234 1118a0e00         Options.compression_opts.parallel_threads: 1
2020/11/30-18:39:01.940235 1118a0e00                  Options.compression_opts.enabled: false
2020/11/30-18:39:01.940236 1118a0e00      Options.level0_file_num_compaction_trigger: 4
2020/11/30-18:39:01.940237 1118a0e00          Options.level0_slowdown_writes_trigger: 20
2020/11/30-18:39:01.940257 1118a0e00              Options.level0_stop_writes_trigger: 36
2020/11/30-18:39:01.940258 1118a0e00                   Options.target_file_size_base: 67108864
2020/11/30-18:39:01.940259 1118a0e00             Options.target_file_size_multiplier: 1
2020/11/30-18:39:01.940260 1118a0e00                Options.max_bytes_for_level_base: 268435456
2020/11/30-18:39:01.940261 1118a0e00 Options.level_compaction_dynamic_level_bytes: 0
2020/11/30-18:39:01.940262 1118a0e00          Options.max_bytes_for_level_multiplier: 10.000000
2020/11/30-18:39:01.940264 1118a0e00 Options.max_bytes_for_level_multiplier_addtl[0]: 1
2020/11/30-18:39:01.940265 1118a0e00 Options.max_bytes_for_level_multiplier_addtl[1]: 1
2020/11/30-18:39:01.940266 1118a0e00 Options.max_bytes_for_level_multiplier_addtl[2]: 1
2020/11/30-18:39:01.940267 1118a0e00 Options.max_bytes_for_level_multiplier_addtl[3]: 1
2020/11/30-18:39:01.940268 1118a0e00 Options.max_bytes_for_level_multiplier_addtl[4]: 1
2020/11/30-18:39:01.940269 1118a0e00 Options.max_bytes_for_level_multiplier_addtl[5]: 1
2020/11/30-18:39:01.940270 1118a0e00 Options.max_bytes_for_level_multiplier_addtl[6]: 1
2020/11/30-18:39:01.940271 1118a0e00       Options.max_sequential_skip_in_iterations: 8
2020/11/30-18:39:01.940272 1118a0e00                    Options.max_compaction_bytes: 1677721600
2020/11/30-18:39:01.940273 1118a0e00                        Options.arena_block_size: 8388608
2020/11/30-18:39:01.940274 1118a0e00   Options.soft_pending_compaction_bytes_limit: 68719476736
2020/11/30-18:39:01.940275 1118a0e00   Options.hard_pending_compaction_bytes_limit: 274877906944
2020/11/30-18:39:01.940276 1118a0e00       Options.rate_limit_delay_max_milliseconds: 100
2020/11/30-18:39:01.940278 1118a0e00                Options.disable_auto_compactions: 0
2020/11/30-18:39:01.940279 1118a0e00                        Options.compaction_style: kCompactionStyleLevel
2020/11/30-18:39:01.940280 1118a0e00                          Options.compaction_pri: kMinOverlappingRatio
2020/11/30-18:39:01.940281 1118a0e00 Options.compaction_options_universal.size_ratio: 1
2020/11/30-18:39:01.940282 1118a0e00 Options.compaction_options_universal.min_merge_width: 2
2020/11/30-18:39:01.940283 1118a0e00 Options.compaction_options_universal.max_merge_width: 4294967295
2020/11/30-18:39:01.940284 1118a0e00 Options.compaction_options_universal.max_size_amplification_percent: 200
2020/11/30-18:39:01.940285 1118a0e00 Options.compaction_options_universal.compression_size_percent: -1
2020/11/30-18:39:01.940287 1118a0e00 Options.compaction_options_universal.stop_style: kCompactionStopStyleTotalSize
2020/11/30-18:39:01.940288 1118a0e00 Options.compaction_options_fifo.max_table_files_size: 1073741824
2020/11/30-18:39:01.940289 1118a0e00 Options.compaction_options_fifo.allow_compaction: 0
2020/11/30-18:39:01.940295 1118a0e00                   Options.table_properties_collectors: 
2020/11/30-18:39:01.940296 1118a0e00                   Options.inplace_update_support: 0
2020/11/30-18:39:01.940297 1118a0e00                 Options.inplace_update_num_locks: 10000
2020/11/30-18:39:01.940298 1118a0e00               Options.memtable_prefix_bloom_size_ratio: 0.000000
2020/11/30-18:39:01.940299 1118a0e00               Options.memtable_whole_key_filtering: 0
2020/11/30-18:39:01.940300 1118a0e00   Options.memtable_huge_page_size: 0
2020/11/30-18:39:01.940301 1118a0e00                           Options.bloom_locality: 0
2020/11/30-18:39:01.940302 1118a0e00                    Options.max_successive_merges: 0
2020/11/30-18:39:01.940303 1118a0e00                Options.optimize_filters_for_hits: 0
2020/11/30-18:39:01.940304 1118a0e00                Options.paranoid_file_checks: 0
2020/11/30-18:39:01.940305 1118a0e00                Options.force_consistency_checks: 0
2020/11/30-18:39:01.940306 1118a0e00                Options.report_bg_io_stats: 0
2020/11/30-18:39:01.940307 1118a0e00                               Options.ttl: 2592000
2020/11/30-18:39:01.940308 1118a0e00          Options.periodic_compaction_seconds: 0
2020/11/30-18:39:01.940415 1118a0e00 [db/column_family.cc:579] --------------- Options for column family [message_id_to_message]:
2020/11/30-18:39:01.940418 1118a0e00               Options.comparator: leveldb.BytewiseComparator
2020/11/30-18:39:01.940419 1118a0e00           Options.merge_operator: None
2020/11/30-18:39:01.940420 1118a0e00        Options.compaction_filter: None
2020/11/30-18:39:01.940421 1118a0e00        Options.compaction_filter_factory: None
2020/11/30-18:39:01.940422 1118a0e00         Options.memtable_factory: SkipListFactory
2020/11/30-18:39:01.940423 1118a0e00            Options.table_factory: BlockBasedTable
2020/11/30-18:39:01.940440 1118a0e00            table_factory options:   flush_block_policy_factory: FlushBlockBySizePolicyFactory (0x7fe1bf006890)
  cache_index_and_filter_blocks: 0
  cache_index_and_filter_blocks_with_high_priority: 1
  pin_l0_filter_and_index_blocks_in_cache: 0
  pin_top_level_index_and_filter: 1
  index_type: 0
  data_block_index_type: 0
  index_shortening: 1
  data_block_hash_table_util_ratio: 0.750000
  hash_index_allow_collision: 1
  checksum: 1
  no_block_cache: 0
  block_cache: 0x7fe1bf0068d8
  block_cache_name: LRUCache
  block_cache_options:
    capacity : 8388608
    num_shard_bits : 4
    strict_capacity_limit : 0
    memory_allocator : None
    high_pri_pool_ratio: 0.000
  block_cache_compressed: 0x0
  persistent_cache: 0x0
  block_size: 4096
  block_size_deviation: 10
  block_restart_interval: 16
  index_block_restart_interval: 1
  metadata_block_size: 4096
  partition_filters: 0
  use_delta_encoding: 1
  filter_policy: nullptr
  whole_key_filtering: 1
  verify_compression: 0
  read_amp_bytes_per_bit: 0
  format_version: 4
  enable_index_compression: 1
  block_align: 0
2020/11/30-18:39:01.940441 1118a0e00        Options.write_buffer_size: 67108864
2020/11/30-18:39:01.940442 1118a0e00  Options.max_write_buffer_number: 2
2020/11/30-18:39:01.940443 1118a0e00          Options.compression: NoCompression
2020/11/30-18:39:01.940444 1118a0e00                  Options.bottommost_compression: Disabled
2020/11/30-18:39:01.940445 1118a0e00       Options.prefix_extractor: nullptr
2020/11/30-18:39:01.940446 1118a0e00   Options.memtable_insert_with_hint_prefix_extractor: nullptr
2020/11/30-18:39:01.940447 1118a0e00             Options.num_levels: 7
2020/11/30-18:39:01.940448 1118a0e00        Options.min_write_buffer_number_to_merge: 1
2020/11/30-18:39:01.940449 1118a0e00     Options.max_write_buffer_number_to_maintain: 0
2020/11/30-18:39:01.940450 1118a0e00     Options.max_write_buffer_size_to_maintain: 0
2020/11/30-18:39:01.940451 1118a0e00            Options.bottommost_compression_opts.window_bits: -14
2020/11/30-18:39:01.940452 1118a0e00                  Options.bottommost_compression_opts.level: 32767
2020/11/30-18:39:01.940454 1118a0e00               Options.bottommost_compression_opts.strategy: 0
2020/11/30-18:39:01.940455 1118a0e00         Options.bottommost_compression_opts.max_dict_bytes: 0
2020/11/30-18:39:01.940456 1118a0e00         Options.bottommost_compression_opts.zstd_max_train_bytes: 0
2020/11/30-18:39:01.940457 1118a0e00         Options.bottommost_compression_opts.parallel_threads: 1
2020/11/30-18:39:01.940458 1118a0e00                  Options.bottommost_compression_opts.enabled: false
2020/11/30-18:39:01.940459 1118a0e00            Options.compression_opts.window_bits: -14
2020/11/30-18:39:01.940460 1118a0e00                  Options.compression_opts.level: 32767
2020/11/30-18:39:01.940461 1118a0e00               Options.compression_opts.strategy: 0
2020/11/30-18:39:01.940462 1118a0e00         Options.compression_opts.max_dict_bytes: 0
2020/11/30-18:39:01.940463 1118a0e00         Options.compression_opts.zstd_max_train_bytes: 0
2020/11/30-18:39:01.940464 1118a0e00         Options.compression_opts.parallel_threads: 1
2020/11/30-18:39:01.940465 1118a0e00                  Options.compression_opts.enabled: false
2020/11/30-18:39:01.940466 1118a0e00      Options.level0_file_num_compaction_trigger: 4
2020/11/30-18:39:01.940467 1118a0e00          Options.level0_slowdown_writes_trigger: 20
2020/11/30-18:39:01.940485 1118a0e00              Options.level0_stop_writes_trigger: 36
2020/11/30-18:39:01.940487 1118a0e00                   Options.target_file_size_base: 67108864
2020/11/30-18:39:01.940488 1118a0e00             Options.target_file_size_multiplier: 1
2020/11/30-18:39:01.940489 1118a0e00                Options.max_bytes_for_level_base: 268435456
2020/11/30-18:39:01.940490 1118a0e00 Options.level_compaction_dynamic_level_bytes: 0
2020/11/30-18:39:01.940491 1118a0e00          Options.max_bytes_for_level_multiplier: 10.000000
2020/11/30-18:39:01.940492 1118a0e00 Options.max_bytes_for_level_multiplier_addtl[0]: 1
2020/11/30-18:39:01.940493 1118a0e00 Options.max_bytes_for_level_multiplier_addtl[1]: 1
2020/11/30-18:39:01.940494 1118a0e00 Options.max_bytes_for_level_multiplier_addtl[2]: 1
2020/11/30-18:39:01.940495 1118a0e00 Options.max_bytes_for_level_multiplier_addtl[3]: 1
2020/11/30-18:39:01.940496 1118a0e00 Options.max_bytes_for_level_multiplier_addtl[4]: 1
2020/11/30-18:39:01.940497 1118a0e00 Options.max_bytes_for_level_multiplier_addtl[5]: 1
2020/11/30-18:39:01.940498 1118a0e00 Options.max_bytes_for_level_multiplier_addtl[6]: 1
2020/11/30-18:39:01.940499 1118a0e00       Options.max_sequential_skip_in_iterations: 8
2020/11/30-18:39:01.940500 1118a0e00                    Options.max_compaction_bytes: 1677721600
2020/11/30-18:39:01.940501 1118a0e00                        Options.arena_block_size: 8388608
2020/11/30-18:39:01.940502 1118a0e00   Options.soft_pending_compaction_bytes_limit: 68719476736
2020/11/30-18:39:01.940503 1118a0e00   Options.hard_pending_compaction_bytes_limit: 274877906944
2020/11/30-18:39:01.940505 1118a0e00       Options.rate_limit_delay_max_milliseconds: 100
2020/11/30-18:39:01.940506 1118a0e00                Options.disable_auto_compactions: 0
2020/11/30-18:39:01.940507 1118a0e00                        Options.compaction_style: kCompactionStyleLevel
2020/11/30-18:39:01.940508 1118a0e00                          Options.compaction_pri: kMinOverlappingRatio
2020/11/30-18:39:01.940509 1118a0e00 Options.compaction_options_universal.size_ratio: 1
2020/11/30-18:39:01.940510 1118a0e00 Options.compaction_options_universal.min_merge_width: 2
2020/11/30-18:39:01.940511 1118a0e00 Options.compaction_options_universal.max_merge_width: 4294967295
2020/11/30-18:39:01.940512 1118a0e00 Options.compaction_options_universal.max_size_amplification_percent: 200
2020/11/30-18:39:01.940513 1118a0e00 Options.compaction_options_universal.compression_size_percent: -1
2020/11/30-18:39:01.940514 1118a0e00 Options.compaction_options_universal.stop_style: kCompactionStopStyleTotalSize
2020/11/30-18:39:01.940516 1118a0e00 Options.compaction_options_fifo.max_table_files_size: 1073741824
2020/11/30-18:39:01.940517 1118a0e00 Options.compaction_options_fifo.allow_compaction: 0
2020/11/30-18:39:01.940518 1118a0e00                   Options.table_properties_collectors: 
2020/11/30-18:39:01.940519 1118a0e00                   Options.inplace_update_support: 0
2020/11/30-18:39:01.940520 1118a0e00                 Options.inplace_update_num_locks: 10000
2020/11/30-18:39:01.940521 1118a0e00               Options.memtable_prefix_bloom_size_ratio: 0.000000
2020/11/30-18:39:01.940522 1118a0e00               Options.memtable_whole_key_filtering: 0
2020/11/30-18:39:01.940523 1118a0e00   Options.memtable_huge_page_size: 0
2020/11/30-18:39:01.940524 1118a0e00                           Options.bloom_locality: 0
2020/11/30-18:39:01.940525 1118a0e00                    Options.max_successive_merges: 0
2020/11/30-18:39:01.940526 1118a0e00                Options.optimize_filters_for_hits: 0
2020/11/30-18:39:01.940527 1118a0e00                Options.paranoid_file_checks: 0
2020/11/30-18:39:01.940528 1118a0e00                Options.force_consistency_checks: 0
2020/11/30-18:39:01.940529 1118a0e00                Options.report_bg_io_stats: 0
2020/11/30-18:39:01.940530 1118a0e00                               Options.ttl: 2592000
2020/11/30-18:39:01.940531 1118a0e00          Options.periodic_compaction_seconds: 0
2020/11/30-18:39:01.940580 1118a0e00 [db/column_family.cc:579] --------------- Options for column family [message_id_to_message_id]:
2020/11/30-18:39:01.940583 1118a0e00               Options.comparator: leveldb.BytewiseComparator
2020/11/30-18:39:01.940584 1118a0e00           Options.merge_operator: None
2020/11/30-18:39:01.940585 1118a0e00        Options.compaction_filter: None
2020/11/30-18:39:01.940586 1118a0e00        Options.compaction_filter_factory: None
2020/11/30-18:39:01.940587 1118a0e00         Options.memtable_factory: SkipListFactory
2020/11/30-18:39:01.940588 1118a0e00            Options.table_factory: BlockBasedTable
2020/11/30-18:39:01.940601 1118a0e00            table_factory options:   flush_block_policy_factory: FlushBlockBySizePolicyFactory (0x7fe1bf007fc0)
  cache_index_and_filter_blocks: 0
  cache_index_and_filter_blocks_with_high_priority: 1
  pin_l0_filter_and_index_blocks_in_cache: 0
  pin_top_level_index_and_filter: 1
  index_type: 0
  data_block_index_type: 0
  index_shortening: 1
  data_block_hash_table_util_ratio: 0.750000
  hash_index_allow_collision: 1
  checksum: 1
  no_block_cache: 0
  block_cache: 0x7fe1bf008008
  block_cache_name: LRUCache
  block_cache_options:
    capacity : 8388608
    num_shard_bits : 4
    strict_capacity_limit : 0
    memory_allocator : None
    high_pri_pool_ratio: 0.000
  block_cache_compressed: 0x0
  persistent_cache: 0x0
  block_size: 4096
  block_size_deviation: 10
  block_restart_interval: 16
  index_block_restart_interval: 1
  metadata_block_size: 4096
  partition_filters: 0
  use_delta_encoding: 1
  filter_policy: nullptr
  whole_key_filtering: 1
  verify_compression: 0
  read_amp_bytes_per_bit: 0
  format_version: 4
  enable_index_compression: 1
  block_align: 0
2020/11/30-18:39:01.940603 1118a0e00        Options.write_buffer_size: 67108864
2020/11/30-18:39:01.940604 1118a0e00  Options.max_write_buffer_number: 2
2020/11/30-18:39:01.940605 1118a0e00          Options.compression: NoCompression
2020/11/30-18:39:01.940606 1118a0e00                  Options.bottommost_compression: Disabled
2020/11/30-18:39:01.940607 1118a0e00       Options.prefix_extractor: rocksdb.FixedPrefix.32
2020/11/30-18:39:01.940608 1118a0e00   Options.memtable_insert_with_hint_prefix_extractor: nullptr
2020/11/30-18:39:01.940609 1118a0e00             Options.num_levels: 7
2020/11/30-18:39:01.940610 1118a0e00        Options.min_write_buffer_number_to_merge: 1
2020/11/30-18:39:01.940611 1118a0e00     Options.max_write_buffer_number_to_maintain: 0
2020/11/30-18:39:01.940612 1118a0e00     Options.max_write_buffer_size_to_maintain: 0
2020/11/30-18:39:01.940613 1118a0e00            Options.bottommost_compression_opts.window_bits: -14
2020/11/30-18:39:01.940614 1118a0e00                  Options.bottommost_compression_opts.level: 32767
2020/11/30-18:39:01.940615 1118a0e00               Options.bottommost_compression_opts.strategy: 0
2020/11/30-18:39:01.940616 1118a0e00         Options.bottommost_compression_opts.max_dict_bytes: 0
2020/11/30-18:39:01.940617 1118a0e00         Options.bottommost_compression_opts.zstd_max_train_bytes: 0
2020/11/30-18:39:01.940618 1118a0e00         Options.bottommost_compression_opts.parallel_threads: 1
2020/11/30-18:39:01.940620 1118a0e00                  Options.bottommost_compression_opts.enabled: false
2020/11/30-18:39:01.940621 1118a0e00            Options.compression_opts.window_bits: -14
2020/11/30-18:39:01.940622 1118a0e00                  Options.compression_opts.level: 32767
2020/11/30-18:39:01.940623 1118a0e00               Options.compression_opts.strategy: 0
2020/11/30-18:39:01.940624 1118a0e00         Options.compression_opts.max_dict_bytes: 0
2020/11/30-18:39:01.940625 1118a0e00         Options.compression_opts.zstd_max_train_bytes: 0
2020/11/30-18:39:01.940626 1118a0e00         Options.compression_opts.parallel_threads: 1
2020/11/30-18:39:01.940627 1118a0e00                  Options.compression_opts.enabled: false
2020/11/30-18:39:01.940628 1118a0e00      Options.level0_file_num_compaction_trigger: 4
2020/11/30-18:39:01.940629 1118a0e00          Options.level0_slowdown_writes_trigger: 20
2020/11/30-18:39:01.940645 1118a0e00              Options.level0_stop_writes_trigger: 36
2020/11/30-18:39:01.940647 1118a0e00                   Options.target_file_size_base: 67108864
2020/11/30-18:39:01.940648 1118a0e00             Options.target_file_size_multiplier: 1
2020/11/30-18:39:01.940649 1118a0e00                Options.max_bytes_for_level_base: 268435456
2020/11/30-18:39:01.940650 1118a0e00 Options.level_compaction_dynamic_level_bytes: 0
2020/11/30-18:39:01.940651 1118a0e00          Options.max_bytes_for_level_multiplier: 10.000000
2020/11/30-18:39:01.940652 1118a0e00 Options.max_bytes_for_level_multiplier_addtl[0]: 1
2020/11/30-18:39:01.940653 1118a0e00 Options.max_bytes_for_level_multiplier_addtl[1]: 1
2020/11/30-18:39:01.940654 1118a0e00 Options.max_bytes_for_level_multiplier_addtl[2]: 1
2020/11/30-18:39:01.940655 1118a0e00 Options.max_bytes_for_level_multiplier_addtl[3]: 1
2020/11/30-18:39:01.940656 1118a0e00 Options.max_bytes_for_level_multiplier_addtl[4]: 1
2020/11/30-18:39:01.940657 1118a0e00 Options.max_bytes_for_level_multiplier_addtl[5]: 1
2020/11/30-18:39:01.940658 1118a0e00 Options.max_bytes_for_level_multiplier_addtl[6]: 1
2020/11/30-18:39:01.940659 1118a0e00       Options.max_sequential_skip_in_iterations: 8
2020/11/30-18:39:01.940660 1118a0e00                    Options.max_compaction_bytes: 1677721600
2020/11/30-18:39:01.940661 1118a0e00                        Options.arena_block_size: 8388608
2020/11/30-18:39:01.940662 1118a0e00   Options.soft_pending_compaction_bytes_limit: 68719476736
2020/11/30-18:39:01.940663 1118a0e00   Options.hard_pending_compaction_bytes_limit: 274877906944
2020/11/30-18:39:01.940664 1118a0e00       Options.rate_limit_delay_max_milliseconds: 100
2020/11/30-18:39:01.940665 1118a0e00                Options.disable_auto_compactions: 0
2020/11/30-18:39:01.940666 1118a0e00                        Options.compaction_style: kCompactionStyleLevel
2020/11/30-18:39:01.940668 1118a0e00                          Options.compaction_pri: kMinOverlappingRatio
2020/11/30-18:39:01.940669 1118a0e00 Options.compaction_options_universal.size_ratio: 1
2020/11/30-18:39:01.940670 1118a0e00 Options.compaction_options_universal.min_merge_width: 2
2020/11/30-18:39:01.940671 1118a0e00 Options.compaction_options_universal.max_merge_width: 4294967295
2020/11/30-18:39:01.940672 1118a0e00 Options.compaction_options_universal.max_size_amplification_percent: 200
2020/11/30-18:39:01.940673 1118a0e00 Options.compaction_options_universal.compression_size_percent: -1
2020/11/30-18:39:01.940674 1118a0e00 Options.compaction_options_universal.stop_style: kCompactionStopStyleTotalSize
2020/11/30-18:39:01.940675 1118a0e00 Options.compaction_options_fifo.max_table_files_size: 1073741824
2020/11/30-18:39:01.940676 1118a0e00 Options.compaction_options_fifo.allow_compaction: 0
2020/11/30-18:39:01.940677 1118a0e00                   Options.table_properties_collectors: 
2020/11/30-18:39:01.940678 1118a0e00                   Options.inplace_update_support: 0
2020/11/30-18:39:01.940679 1118a0e00                 Options.inplace_update_num_locks: 10000
2020/11/30-18:39:01.940680 1118a0e00               Options.memtable_prefix_bloom_size_ratio: 0.000000
2020/11/30-18:39:01.940682 1118a0e00               Options.memtable_whole_key_filtering: 0
2020/11/30-18:39:01.940683 1118a0e00   Options.memtable_huge_page_size: 0
2020/11/30-18:39:01.940684 1118a0e00                           Options.bloom_locality: 0
2020/11/30-18:39:01.940685 1118a0e00                    Options.max_successive_merges: 0
2020/11/30-18:39:01.940686 1118a0e00                Options.optimize_filters_for_hits: 0
2020/11/30-18:39:01.940687 1118a0e00                Options.paranoid_file_checks: 0
2020/11/30-18:39:01.940688 1118a0e00                Options.force_consistency_checks: 0
2020/11/30-18:39:01.940689 1118a0e00                Options.report_bg_io_stats: 0
2020/11/30-18:39:01.940690 1118a0e00                               Options.ttl: 2592000
2020/11/30-18:39:01.940691 1118a0e00          Options.periodic_compaction_seconds: 0
2020/11/30-18:39:01.940756 1118a0e00 [db/column_family.cc:579] --------------- Options for column family [index_to_message_id]:
2020/11/30-18:39:01.940758 1118a0e00               Options.comparator: leveldb.BytewiseComparator
2020/11/30-18:39:01.940759 1118a0e00           Options.merge_operator: None
2020/11/30-18:39:01.940760 1118a0e00        Options.compaction_filter: None
2020/11/30-18:39:01.940761 1118a0e00        Options.compaction_filter_factory: None
2020/11/30-18:39:01.940762 1118a0e00         Options.memtable_factory: SkipListFactory
2020/11/30-18:39:01.940763 1118a0e00            Options.table_factory: BlockBasedTable
2020/11/30-18:39:01.940772 1118a0e00            table_factory options:   flush_block_policy_factory: FlushBlockBySizePolicyFactory (0x7fe1bf008bb0)
  cache_index_and_filter_blocks: 0
  cache_index_and_filter_blocks_with_high_priority: 1
  pin_l0_filter_and_index_blocks_in_cache: 0
  pin_top_level_index_and_filter: 1
  index_type: 0
  data_block_index_type: 0
  index_shortening: 1
  data_block_hash_table_util_ratio: 0.750000
  hash_index_allow_collision: 1
  checksum: 1
  no_block_cache: 0
  block_cache: 0x7fe1bf008bf8
  block_cache_name: LRUCache
  block_cache_options:
    capacity : 8388608
    num_shard_bits : 4
    strict_capacity_limit : 0
    memory_allocator : None
    high_pri_pool_ratio: 0.000
  block_cache_compressed: 0x0
  persistent_cache: 0x0
  block_size: 4096
  block_size_deviation: 10
  block_restart_interval: 16
  index_block_restart_interval: 1
  metadata_block_size: 4096
  partition_filters: 0
  use_delta_encoding: 1
  filter_policy: nullptr
  whole_key_filtering: 1
  verify_compression: 0
  read_amp_bytes_per_bit: 0
  format_version: 4
  enable_index_compression: 1
  block_align: 0
2020/11/30-18:39:01.940774 1118a0e00        Options.write_buffer_size: 67108864
2020/11/30-18:39:01.940775 1118a0e00  Options.max_write_buffer_number: 2
2020/11/30-18:39:01.940776 1118a0e00          Options.compression: NoCompression
2020/11/30-18:39:01.940777 1118a0e00                  Options.bottommost_compression: Disabled
2020/11/30-18:39:01.940778 1118a0e00       Options.prefix_extractor: rocksdb.FixedPrefix.32
2020/11/30-18:39:01.940779 1118a0e00   Options.memtable_insert_with_hint_prefix_extractor: nullptr
2020/11/30-18:39:01.940780 1118a0e00             Options.num_levels: 7
2020/11/30-18:39:01.940781 1118a0e00        Options.min_write_buffer_number_to_merge: 1
2020/11/30-18:39:01.940782 1118a0e00     Options.max_write_buffer_number_to_maintain: 0
2020/11/30-18:39:01.940783 1118a0e00     Options.max_write_buffer_size_to_maintain: 0
2020/11/30-18:39:01.940784 1118a0e00            Options.bottommost_compression_opts.window_bits: -14
2020/11/30-18:39:01.940785 1118a0e00                  Options.bottommost_compression_opts.level: 32767
2020/11/30-18:39:01.940786 1118a0e00               Options.bottommost_compression_opts.strategy: 0
2020/11/30-18:39:01.940787 1118a0e00         Options.bottommost_compression_opts.max_dict_bytes: 0
2020/11/30-18:39:01.940788 1118a0e00         Options.bottommost_compression_opts.zstd_max_train_bytes: 0
2020/11/30-18:39:01.940789 1118a0e00         Options.bottommost_compression_opts.parallel_threads: 1
2020/11/30-18:39:01.940790 1118a0e00                  Options.bottommost_compression_opts.enabled: false
2020/11/30-18:39:01.940791 1118a0e00            Options.compression_opts.window_bits: -14
2020/11/30-18:39:01.940792 1118a0e00                  Options.compression_opts.level: 32767
2020/11/30-18:39:01.940793 1118a0e00               Options.compression_opts.strategy: 0
2020/11/30-18:39:01.940793 1118a0e00         Options.compression_opts.max_dict_bytes: 0
2020/11/30-18:39:01.940794 1118a0e00         Options.compression_opts.zstd_max_train_bytes: 0
2020/11/30-18:39:01.940795 1118a0e00         Options.compression_opts.parallel_threads: 1
2020/11/30-18:39:01.940796 1118a0e00                  Options.compression_opts.enabled: false
2020/11/30-18:39:01.940797 1118a0e00      Options.level0_file_num_compaction_trigger: 4
2020/11/30-18:39:01.940814 1118a0e00          Options.level0_slowdown_writes_trigger: 20
2020/11/30-18:39:01.940815 1118a0e00              Options.level0_stop_writes_trigger: 36
2020/11/30-18:39:01.940816 1118a0e00                   Options.target_file_size_base: 67108864
2020/11/30-18:39:01.940817 1118a0e00             Options.target_file_size_multiplier: 1
2020/11/30-18:39:01.940818 1118a0e00                Options.max_bytes_for_level_base: 268435456
2020/11/30-18:39:01.940819 1118a0e00 Options.level_compaction_dynamic_level_bytes: 0
2020/11/30-18:39:01.940820 1118a0e00          Options.max_bytes_for_level_multiplier: 10.000000
2020/11/30-18:39:01.940821 1118a0e00 Options.max_bytes_for_level_multiplier_addtl[0]: 1
2020/11/30-18:39:01.940822 1118a0e00 Options.max_bytes_for_level_multiplier_addtl[1]: 1
2020/11/30-18:39:01.940823 1118a0e00 Options.max_bytes_for_level_multiplier_addtl[2]: 1
2020/11/30-18:39:01.940824 1118a0e00 Options.max_bytes_for_level_multiplier_addtl[3]: 1
2020/11/30-18:39:01.940825 1118a0e00 Options.max_bytes_for_level_multiplier_addtl[4]: 1
2020/11/30-18:39:01.940826 1118a0e00 Options.max_bytes_for_level_multiplier_addtl[5]: 1
2020/11/30-18:39:01.940827 1118a0e00 Options.max_bytes_for_level_multiplier_addtl[6]: 1
2020/11/30-18:39:01.940828 1118a0e00       Options.max_sequential_skip_in_iterations: 8
2020/11/30-18:39:01.940829 1118a0e00                    Options.max_compaction_bytes: 1677721600
2020/11/30-18:39:01.940830 1118a0e00                        Options.arena_block_size: 8388608
2020/11/30-18:39:01.940831 1118a0e00   Options.soft_pending_compaction_bytes_limit: 68719476736
2020/11/30-18:39:01.940832 1118a0e00   Options.hard_pending_compaction_bytes_limit: 274877906944
2020/11/30-18:39:01.940835 1118a0e00       Options.rate_limit_delay_max_milliseconds: 100
2020/11/30-18:39:01.940836 1118a0e00                Options.disable_auto_compactions: 0
2020/11/30-18:39:01.940837 1118a0e00                        Options.compaction_style: kCompactionStyleLevel
2020/11/30-18:39:01.940838 1118a0e00                          Options.compaction_pri: kMinOverlappingRatio
2020/11/30-18:39:01.940839 1118a0e00 Options.compaction_options_universal.size_ratio: 1
2020/11/30-18:39:01.940840 1118a0e00 Options.compaction_options_universal.min_merge_width: 2
2020/11/30-18:39:01.940841 1118a0e00 Options.compaction_options_universal.max_merge_width: 4294967295
2020/11/30-18:39:01.940842 1118a0e00 Options.compaction_options_universal.max_size_amplification_percent: 200
2020/11/30-18:39:01.940843 1118a0e00 Options.compaction_options_universal.compression_size_percent: -1
2020/11/30-18:39:01.940845 1118a0e00 Options.compaction_options_universal.stop_style: kCompactionStopStyleTotalSize
2020/11/30-18:39:01.940846 1118a0e00 Options.compaction_options_fifo.max_table_files_size: 1073741824
2020/11/30-18:39:01.940847 1118a0e00 Options.compaction_options_fifo.allow_compaction: 0
2020/11/30-18:39:01.940848 1118a0e00                   Options.table_properties_collectors: 
