2020/11/30-19:06:44.161034 1124dfe00 RocksDB version: 6.11.4
2020/11/30-19:06:44.161093 1124dfe00 Git sha rocksdb_build_git_sha:@48bfca38f6f175435052a59791922a1a453d9609@
2020/11/30-19:06:44.161096 1124dfe00 Compile date Nov 30 2020
2020/11/30-19:06:44.161097 1124dfe00 DB SUMMARY
2020/11/30-19:06:44.161521 1124dfe00 CURRENT file:  CURRENT
2020/11/30-19:06:44.161524 1124dfe00 IDENTITY file:  IDENTITY
2020/11/30-19:06:44.161537 1124dfe00 MANIFEST file:  MANIFEST-000670 size: 825 Bytes
2020/11/30-19:06:44.161554 1124dfe00 SST files in ./database/alphanet dir, Total Num: 0, files: 
2020/11/30-19:06:44.161555 1124dfe00 Write Ahead Log file in ./database/alphanet: 000671.log size: 0 ; 
2020/11/30-19:06:44.161594 1124dfe00                         Options.error_if_exists: 0
2020/11/30-19:06:44.161595 1124dfe00                       Options.create_if_missing: 1
2020/11/30-19:06:44.161596 1124dfe00                         Options.paranoid_checks: 1
2020/11/30-19:06:44.161597 1124dfe00                                     Options.env: 0x1101ce4b8
2020/11/30-19:06:44.161598 1124dfe00                                      Options.fs: Posix File System
2020/11/30-19:06:44.161600 1124dfe00                                Options.info_log: 0x7fce2952a210
2020/11/30-19:06:44.161601 1124dfe00                Options.max_file_opening_threads: 16
2020/11/30-19:06:44.161602 1124dfe00                              Options.statistics: 0x7fce29529058
2020/11/30-19:06:44.161603 1124dfe00                               Options.use_fsync: 0
2020/11/30-19:06:44.161604 1124dfe00                       Options.max_log_file_size: 0
2020/11/30-19:06:44.161605 1124dfe00                  Options.max_manifest_file_size: 1073741824
2020/11/30-19:06:44.161606 1124dfe00                   Options.log_file_time_to_roll: 0
2020/11/30-19:06:44.161607 1124dfe00                       Options.keep_log_file_num: 1000
2020/11/30-19:06:44.161608 1124dfe00                    Options.recycle_log_file_num: 0
2020/11/30-19:06:44.161609 1124dfe00                         Options.allow_fallocate: 1
2020/11/30-19:06:44.161610 1124dfe00                        Options.allow_mmap_reads: 0
2020/11/30-19:06:44.161611 1124dfe00                       Options.allow_mmap_writes: 0
2020/11/30-19:06:44.161612 1124dfe00                        Options.use_direct_reads: 0
2020/11/30-19:06:44.161613 1124dfe00                        Options.use_direct_io_for_flush_and_compaction: 0
2020/11/30-19:06:44.161614 1124dfe00          Options.create_missing_column_families: 1
2020/11/30-19:06:44.161615 1124dfe00                              Options.db_log_dir: 
2020/11/30-19:06:44.161616 1124dfe00                                 Options.wal_dir: ./database/alphanet
2020/11/30-19:06:44.161617 1124dfe00                Options.table_cache_numshardbits: 6
2020/11/30-19:06:44.161618 1124dfe00                      Options.max_subcompactions: 1
2020/11/30-19:06:44.161619 1124dfe00                         Options.WAL_ttl_seconds: 0
2020/11/30-19:06:44.161620 1124dfe00                       Options.WAL_size_limit_MB: 0
2020/11/30-19:06:44.161621 1124dfe00                        Options.max_write_batch_group_size_bytes: 1048576
2020/11/30-19:06:44.161622 1124dfe00             Options.manifest_preallocation_size: 4194304
2020/11/30-19:06:44.161623 1124dfe00                     Options.is_fd_close_on_exec: 1
2020/11/30-19:06:44.161624 1124dfe00                   Options.advise_random_on_open: 1
2020/11/30-19:06:44.161625 1124dfe00                    Options.db_write_buffer_size: 0
2020/11/30-19:06:44.161626 1124dfe00                    Options.write_buffer_manager: 0x7fce2952a180
2020/11/30-19:06:44.161627 1124dfe00         Options.access_hint_on_compaction_start: 1
2020/11/30-19:06:44.161628 1124dfe00  Options.new_table_reader_for_compaction_inputs: 0
2020/11/30-19:06:44.161629 1124dfe00           Options.random_access_max_buffer_size: 1048576
2020/11/30-19:06:44.161630 1124dfe00                      Options.use_adaptive_mutex: 0
2020/11/30-19:06:44.161631 1124dfe00                            Options.rate_limiter: 0x0
2020/11/30-19:06:44.161632 1124dfe00     Options.sst_file_manager.rate_bytes_per_sec: 0
2020/11/30-19:06:44.161661 1124dfe00                       Options.wal_recovery_mode: 2
2020/11/30-19:06:44.161662 1124dfe00                  Options.enable_thread_tracking: 0
2020/11/30-19:06:44.161663 1124dfe00                  Options.enable_pipelined_write: 0
2020/11/30-19:06:44.161664 1124dfe00                  Options.unordered_write: 0
2020/11/30-19:06:44.161668 1124dfe00         Options.allow_concurrent_memtable_write: 1
2020/11/30-19:06:44.161669 1124dfe00      Options.enable_write_thread_adaptive_yield: 1
2020/11/30-19:06:44.161670 1124dfe00             Options.write_thread_max_yield_usec: 100
2020/11/30-19:06:44.161671 1124dfe00            Options.write_thread_slow_yield_usec: 3
2020/11/30-19:06:44.161672 1124dfe00                               Options.row_cache: None
2020/11/30-19:06:44.161673 1124dfe00                              Options.wal_filter: None
2020/11/30-19:06:44.161674 1124dfe00             Options.avoid_flush_during_recovery: 0
2020/11/30-19:06:44.161675 1124dfe00             Options.allow_ingest_behind: 0
2020/11/30-19:06:44.161676 1124dfe00             Options.preserve_deletes: 0
2020/11/30-19:06:44.161677 1124dfe00             Options.two_write_queues: 0
2020/11/30-19:06:44.161678 1124dfe00             Options.manual_wal_flush: 0
2020/11/30-19:06:44.161679 1124dfe00             Options.atomic_flush: 1
2020/11/30-19:06:44.161680 1124dfe00             Options.avoid_unnecessary_blocking_io: 0
2020/11/30-19:06:44.161681 1124dfe00                 Options.persist_stats_to_disk: 0
2020/11/30-19:06:44.161682 1124dfe00                 Options.write_dbid_to_manifest: 0
2020/11/30-19:06:44.161683 1124dfe00                 Options.log_readahead_size: 0
2020/11/30-19:06:44.161684 1124dfe00                 Options.file_checksum_gen_factory: Unknown
2020/11/30-19:06:44.161687 1124dfe00                 Options.best_efforts_recovery: 0
2020/11/30-19:06:44.161688 1124dfe00             Options.max_background_jobs: 12
2020/11/30-19:06:44.161689 1124dfe00             Options.max_background_compactions: -1
2020/11/30-19:06:44.161690 1124dfe00             Options.avoid_flush_during_shutdown: 0
2020/11/30-19:06:44.161691 1124dfe00           Options.writable_file_max_buffer_size: 1048576
2020/11/30-19:06:44.161692 1124dfe00             Options.delayed_write_rate : 16777216
2020/11/30-19:06:44.161693 1124dfe00             Options.max_total_wal_size: 0
2020/11/30-19:06:44.161694 1124dfe00             Options.delete_obsolete_files_period_micros: 21600000000
2020/11/30-19:06:44.161695 1124dfe00                   Options.stats_dump_period_sec: 600
2020/11/30-19:06:44.161696 1124dfe00                 Options.stats_persist_period_sec: 600
2020/11/30-19:06:44.161697 1124dfe00                 Options.stats_history_buffer_size: 1048576
2020/11/30-19:06:44.161698 1124dfe00                          Options.max_open_files: -1
2020/11/30-19:06:44.161699 1124dfe00                          Options.bytes_per_sync: 0
2020/11/30-19:06:44.161700 1124dfe00                      Options.wal_bytes_per_sync: 0
2020/11/30-19:06:44.161701 1124dfe00                   Options.strict_bytes_per_sync: 0
2020/11/30-19:06:44.161702 1124dfe00       Options.compaction_readahead_size: 0
2020/11/30-19:06:44.161703 1124dfe00                  Options.max_background_flushes: -1
2020/11/30-19:06:44.161704 1124dfe00 Compression algorithms supported:
2020/11/30-19:06:44.161706 1124dfe00 	kZSTD supported: 0
2020/11/30-19:06:44.161707 1124dfe00 	kZlibCompression supported: 0
2020/11/30-19:06:44.161708 1124dfe00 	kXpressCompression supported: 0
2020/11/30-19:06:44.161709 1124dfe00 	kSnappyCompression supported: 0
2020/11/30-19:06:44.161710 1124dfe00 	kZSTDNotFinalCompression supported: 0
2020/11/30-19:06:44.161711 1124dfe00 	kLZ4HCCompression supported: 0
2020/11/30-19:06:44.161712 1124dfe00 	kLZ4Compression supported: 0
2020/11/30-19:06:44.161713 1124dfe00 	kBZip2Compression supported: 0
2020/11/30-19:06:44.161717 1124dfe00 Fast CRC32 supported: Supported on x86
2020/11/30-19:06:44.161886 1124dfe00 [db/version_set.cc:4555] Recovering from manifest file: ./database/alphanet/MANIFEST-000670
2020/11/30-19:06:44.161966 1124dfe00 [db/column_family.cc:579] --------------- Options for column family [default]:
2020/11/30-19:06:44.161969 1124dfe00               Options.comparator: leveldb.BytewiseComparator
2020/11/30-19:06:44.161971 1124dfe00           Options.merge_operator: None
2020/11/30-19:06:44.161972 1124dfe00        Options.compaction_filter: None
2020/11/30-19:06:44.161973 1124dfe00        Options.compaction_filter_factory: None
2020/11/30-19:06:44.161974 1124dfe00         Options.memtable_factory: SkipListFactory
2020/11/30-19:06:44.161975 1124dfe00            Options.table_factory: BlockBasedTable
2020/11/30-19:06:44.161992 1124dfe00            table_factory options:   flush_block_policy_factory: FlushBlockBySizePolicyFactory (0x7fce29529350)
  cache_index_and_filter_blocks: 0
  cache_index_and_filter_blocks_with_high_priority: 1
  pin_l0_filter_and_index_blocks_in_cache: 0
  pin_top_level_index_and_filter: 1
  index_type: 0
  data_block_index_type: 0
  index_shortening: 1
  data_block_hash_table_util_ratio: 0.750000
  hash_index_allow_collision: 1
  checksum: 1
  no_block_cache: 0
  block_cache: 0x7fce295288c8
  block_cache_name: LRUCache
  block_cache_options:
    capacity : 8388608
    num_shard_bits : 4
    strict_capacity_limit : 0
    memory_allocator : None
    high_pri_pool_ratio: 0.000
  block_cache_compressed: 0x0
  persistent_cache: 0x0
  block_size: 4096
  block_size_deviation: 10
  block_restart_interval: 16
  index_block_restart_interval: 1
  metadata_block_size: 4096
  partition_filters: 0
  use_delta_encoding: 1
  filter_policy: nullptr
  whole_key_filtering: 1
  verify_compression: 0
  read_amp_bytes_per_bit: 0
  format_version: 4
  enable_index_compression: 1
  block_align: 0
2020/11/30-19:06:44.161993 1124dfe00        Options.write_buffer_size: 67108864
2020/11/30-19:06:44.161994 1124dfe00  Options.max_write_buffer_number: 2
2020/11/30-19:06:44.161996 1124dfe00          Options.compression: NoCompression
2020/11/30-19:06:44.161997 1124dfe00                  Options.bottommost_compression: Disabled
2020/11/30-19:06:44.161998 1124dfe00       Options.prefix_extractor: nullptr
2020/11/30-19:06:44.161999 1124dfe00   Options.memtable_insert_with_hint_prefix_extractor: nullptr
2020/11/30-19:06:44.162000 1124dfe00             Options.num_levels: 7
2020/11/30-19:06:44.162001 1124dfe00        Options.min_write_buffer_number_to_merge: 1
2020/11/30-19:06:44.162002 1124dfe00     Options.max_write_buffer_number_to_maintain: 0
2020/11/30-19:06:44.162003 1124dfe00     Options.max_write_buffer_size_to_maintain: 0
2020/11/30-19:06:44.162004 1124dfe00            Options.bottommost_compression_opts.window_bits: -14
2020/11/30-19:06:44.162005 1124dfe00                  Options.bottommost_compression_opts.level: 32767
2020/11/30-19:06:44.162006 1124dfe00               Options.bottommost_compression_opts.strategy: 0
2020/11/30-19:06:44.162007 1124dfe00         Options.bottommost_compression_opts.max_dict_bytes: 0
2020/11/30-19:06:44.162008 1124dfe00         Options.bottommost_compression_opts.zstd_max_train_bytes: 0
2020/11/30-19:06:44.162009 1124dfe00         Options.bottommost_compression_opts.parallel_threads: 1
2020/11/30-19:06:44.162010 1124dfe00                  Options.bottommost_compression_opts.enabled: false
2020/11/30-19:06:44.162011 1124dfe00            Options.compression_opts.window_bits: -14
2020/11/30-19:06:44.162012 1124dfe00                  Options.compression_opts.level: 32767
2020/11/30-19:06:44.162013 1124dfe00               Options.compression_opts.strategy: 0
2020/11/30-19:06:44.162014 1124dfe00         Options.compression_opts.max_dict_bytes: 0
2020/11/30-19:06:44.162015 1124dfe00         Options.compression_opts.zstd_max_train_bytes: 0
2020/11/30-19:06:44.162016 1124dfe00         Options.compression_opts.parallel_threads: 1
2020/11/30-19:06:44.162017 1124dfe00                  Options.compression_opts.enabled: false
2020/11/30-19:06:44.162018 1124dfe00      Options.level0_file_num_compaction_trigger: 4
2020/11/30-19:06:44.162019 1124dfe00          Options.level0_slowdown_writes_trigger: 20
2020/11/30-19:06:44.162040 1124dfe00              Options.level0_stop_writes_trigger: 36
2020/11/30-19:06:44.162041 1124dfe00                   Options.target_file_size_base: 67108864
2020/11/30-19:06:44.162042 1124dfe00             Options.target_file_size_multiplier: 1
2020/11/30-19:06:44.162043 1124dfe00                Options.max_bytes_for_level_base: 268435456
2020/11/30-19:06:44.162044 1124dfe00 Options.level_compaction_dynamic_level_bytes: 0
2020/11/30-19:06:44.162045 1124dfe00          Options.max_bytes_for_level_multiplier: 10.000000
2020/11/30-19:06:44.162047 1124dfe00 Options.max_bytes_for_level_multiplier_addtl[0]: 1
2020/11/30-19:06:44.162048 1124dfe00 Options.max_bytes_for_level_multiplier_addtl[1]: 1
2020/11/30-19:06:44.162049 1124dfe00 Options.max_bytes_for_level_multiplier_addtl[2]: 1
2020/11/30-19:06:44.162050 1124dfe00 Options.max_bytes_for_level_multiplier_addtl[3]: 1
2020/11/30-19:06:44.162051 1124dfe00 Options.max_bytes_for_level_multiplier_addtl[4]: 1
2020/11/30-19:06:44.162052 1124dfe00 Options.max_bytes_for_level_multiplier_addtl[5]: 1
2020/11/30-19:06:44.162053 1124dfe00 Options.max_bytes_for_level_multiplier_addtl[6]: 1
2020/11/30-19:06:44.162054 1124dfe00       Options.max_sequential_skip_in_iterations: 8
2020/11/30-19:06:44.162055 1124dfe00                    Options.max_compaction_bytes: 1677721600
2020/11/30-19:06:44.162056 1124dfe00                        Options.arena_block_size: 8388608
2020/11/30-19:06:44.162057 1124dfe00   Options.soft_pending_compaction_bytes_limit: 68719476736
2020/11/30-19:06:44.162058 1124dfe00   Options.hard_pending_compaction_bytes_limit: 274877906944
2020/11/30-19:06:44.162059 1124dfe00       Options.rate_limit_delay_max_milliseconds: 100
2020/11/30-19:06:44.162061 1124dfe00                Options.disable_auto_compactions: 0
2020/11/30-19:06:44.162062 1124dfe00                        Options.compaction_style: kCompactionStyleLevel
2020/11/30-19:06:44.162063 1124dfe00                          Options.compaction_pri: kMinOverlappingRatio
2020/11/30-19:06:44.162064 1124dfe00 Options.compaction_options_universal.size_ratio: 1
2020/11/30-19:06:44.162065 1124dfe00 Options.compaction_options_universal.min_merge_width: 2
2020/11/30-19:06:44.162066 1124dfe00 Options.compaction_options_universal.max_merge_width: 4294967295
2020/11/30-19:06:44.162067 1124dfe00 Options.compaction_options_universal.max_size_amplification_percent: 200
2020/11/30-19:06:44.162068 1124dfe00 Options.compaction_options_universal.compression_size_percent: -1
2020/11/30-19:06:44.162070 1124dfe00 Options.compaction_options_universal.stop_style: kCompactionStopStyleTotalSize
2020/11/30-19:06:44.162071 1124dfe00 Options.compaction_options_fifo.max_table_files_size: 1073741824
2020/11/30-19:06:44.162072 1124dfe00 Options.compaction_options_fifo.allow_compaction: 0
2020/11/30-19:06:44.162077 1124dfe00                   Options.table_properties_collectors: 
2020/11/30-19:06:44.162078 1124dfe00                   Options.inplace_update_support: 0
2020/11/30-19:06:44.162079 1124dfe00                 Options.inplace_update_num_locks: 10000
2020/11/30-19:06:44.162080 1124dfe00               Options.memtable_prefix_bloom_size_ratio: 0.000000
2020/11/30-19:06:44.162081 1124dfe00               Options.memtable_whole_key_filtering: 0
2020/11/30-19:06:44.162082 1124dfe00   Options.memtable_huge_page_size: 0
2020/11/30-19:06:44.162083 1124dfe00                           Options.bloom_locality: 0
2020/11/30-19:06:44.162084 1124dfe00                    Options.max_successive_merges: 0
2020/11/30-19:06:44.162085 1124dfe00                Options.optimize_filters_for_hits: 0
2020/11/30-19:06:44.162086 1124dfe00                Options.paranoid_file_checks: 0
2020/11/30-19:06:44.162087 1124dfe00                Options.force_consistency_checks: 0
2020/11/30-19:06:44.162088 1124dfe00                Options.report_bg_io_stats: 0
2020/11/30-19:06:44.162089 1124dfe00                               Options.ttl: 2592000
2020/11/30-19:06:44.162090 1124dfe00          Options.periodic_compaction_seconds: 0
2020/11/30-19:06:44.162199 1124dfe00 [db/column_family.cc:579] --------------- Options for column family [message_id_to_message]:
2020/11/30-19:06:44.162201 1124dfe00               Options.comparator: leveldb.BytewiseComparator
2020/11/30-19:06:44.162203 1124dfe00           Options.merge_operator: None
2020/11/30-19:06:44.162204 1124dfe00        Options.compaction_filter: None
2020/11/30-19:06:44.162205 1124dfe00        Options.compaction_filter_factory: None
2020/11/30-19:06:44.162206 1124dfe00         Options.memtable_factory: SkipListFactory
2020/11/30-19:06:44.162207 1124dfe00            Options.table_factory: BlockBasedTable
2020/11/30-19:06:44.162221 1124dfe00            table_factory options:   flush_block_policy_factory: FlushBlockBySizePolicyFactory (0x7fce295229a0)
  cache_index_and_filter_blocks: 0
  cache_index_and_filter_blocks_with_high_priority: 1
  pin_l0_filter_and_index_blocks_in_cache: 0
  pin_top_level_index_and_filter: 1
  index_type: 0
  data_block_index_type: 0
  index_shortening: 1
  data_block_hash_table_util_ratio: 0.750000
  hash_index_allow_collision: 1
  checksum: 1
  no_block_cache: 0
  block_cache: 0x7fce295229e8
  block_cache_name: LRUCache
  block_cache_options:
    capacity : 8388608
    num_shard_bits : 4
    strict_capacity_limit : 0
    memory_allocator : None
    high_pri_pool_ratio: 0.000
  block_cache_compressed: 0x0
  persistent_cache: 0x0
  block_size: 4096
  block_size_deviation: 10
  block_restart_interval: 16
  index_block_restart_interval: 1
  metadata_block_size: 4096
  partition_filters: 0
  use_delta_encoding: 1
  filter_policy: nullptr
  whole_key_filtering: 1
  verify_compression: 0
  read_amp_bytes_per_bit: 0
  format_version: 4
  enable_index_compression: 1
  block_align: 0
2020/11/30-19:06:44.162223 1124dfe00        Options.write_buffer_size: 67108864
2020/11/30-19:06:44.162224 1124dfe00  Options.max_write_buffer_number: 2
2020/11/30-19:06:44.162225 1124dfe00          Options.compression: NoCompression
2020/11/30-19:06:44.162226 1124dfe00                  Options.bottommost_compression: Disabled
2020/11/30-19:06:44.162227 1124dfe00       Options.prefix_extractor: nullptr
2020/11/30-19:06:44.162228 1124dfe00   Options.memtable_insert_with_hint_prefix_extractor: nullptr
2020/11/30-19:06:44.162229 1124dfe00             Options.num_levels: 7
2020/11/30-19:06:44.162230 1124dfe00        Options.min_write_buffer_number_to_merge: 1
2020/11/30-19:06:44.162231 1124dfe00     Options.max_write_buffer_number_to_maintain: 0
2020/11/30-19:06:44.162232 1124dfe00     Options.max_write_buffer_size_to_maintain: 0
2020/11/30-19:06:44.162233 1124dfe00            Options.bottommost_compression_opts.window_bits: -14
2020/11/30-19:06:44.162234 1124dfe00                  Options.bottommost_compression_opts.level: 32767
2020/11/30-19:06:44.162235 1124dfe00               Options.bottommost_compression_opts.strategy: 0
2020/11/30-19:06:44.162236 1124dfe00         Options.bottommost_compression_opts.max_dict_bytes: 0
2020/11/30-19:06:44.162237 1124dfe00         Options.bottommost_compression_opts.zstd_max_train_bytes: 0
2020/11/30-19:06:44.162238 1124dfe00         Options.bottommost_compression_opts.parallel_threads: 1
2020/11/30-19:06:44.162239 1124dfe00                  Options.bottommost_compression_opts.enabled: false
2020/11/30-19:06:44.162240 1124dfe00            Options.compression_opts.window_bits: -14
2020/11/30-19:06:44.162241 1124dfe00                  Options.compression_opts.level: 32767
2020/11/30-19:06:44.162243 1124dfe00               Options.compression_opts.strategy: 0
2020/11/30-19:06:44.162243 1124dfe00         Options.compression_opts.max_dict_bytes: 0
2020/11/30-19:06:44.162244 1124dfe00         Options.compression_opts.zstd_max_train_bytes: 0
2020/11/30-19:06:44.162245 1124dfe00         Options.compression_opts.parallel_threads: 1
2020/11/30-19:06:44.162246 1124dfe00                  Options.compression_opts.enabled: false
2020/11/30-19:06:44.162247 1124dfe00      Options.level0_file_num_compaction_trigger: 4
2020/11/30-19:06:44.162248 1124dfe00          Options.level0_slowdown_writes_trigger: 20
2020/11/30-19:06:44.162268 1124dfe00              Options.level0_stop_writes_trigger: 36
2020/11/30-19:06:44.162270 1124dfe00                   Options.target_file_size_base: 67108864
2020/11/30-19:06:44.162271 1124dfe00             Options.target_file_size_multiplier: 1
2020/11/30-19:06:44.162272 1124dfe00                Options.max_bytes_for_level_base: 268435456
2020/11/30-19:06:44.162273 1124dfe00 Options.level_compaction_dynamic_level_bytes: 0
2020/11/30-19:06:44.162274 1124dfe00          Options.max_bytes_for_level_multiplier: 10.000000
2020/11/30-19:06:44.162275 1124dfe00 Options.max_bytes_for_level_multiplier_addtl[0]: 1
2020/11/30-19:06:44.162276 1124dfe00 Options.max_bytes_for_level_multiplier_addtl[1]: 1
2020/11/30-19:06:44.162277 1124dfe00 Options.max_bytes_for_level_multiplier_addtl[2]: 1
2020/11/30-19:06:44.162278 1124dfe00 Options.max_bytes_for_level_multiplier_addtl[3]: 1
2020/11/30-19:06:44.162279 1124dfe00 Options.max_bytes_for_level_multiplier_addtl[4]: 1
2020/11/30-19:06:44.162280 1124dfe00 Options.max_bytes_for_level_multiplier_addtl[5]: 1
2020/11/30-19:06:44.162281 1124dfe00 Options.max_bytes_for_level_multiplier_addtl[6]: 1
2020/11/30-19:06:44.162282 1124dfe00       Options.max_sequential_skip_in_iterations: 8
2020/11/30-19:06:44.162283 1124dfe00                    Options.max_compaction_bytes: 1677721600
2020/11/30-19:06:44.162284 1124dfe00                        Options.arena_block_size: 8388608
2020/11/30-19:06:44.162285 1124dfe00   Options.soft_pending_compaction_bytes_limit: 68719476736
2020/11/30-19:06:44.162286 1124dfe00   Options.hard_pending_compaction_bytes_limit: 274877906944
2020/11/30-19:06:44.162288 1124dfe00       Options.rate_limit_delay_max_milliseconds: 100
2020/11/30-19:06:44.162289 1124dfe00                Options.disable_auto_compactions: 0
2020/11/30-19:06:44.162290 1124dfe00                        Options.compaction_style: kCompactionStyleLevel
2020/11/30-19:06:44.162291 1124dfe00                          Options.compaction_pri: kMinOverlappingRatio
2020/11/30-19:06:44.162292 1124dfe00 Options.compaction_options_universal.size_ratio: 1
2020/11/30-19:06:44.162293 1124dfe00 Options.compaction_options_universal.min_merge_width: 2
2020/11/30-19:06:44.162294 1124dfe00 Options.compaction_options_universal.max_merge_width: 4294967295
2020/11/30-19:06:44.162295 1124dfe00 Options.compaction_options_universal.max_size_amplification_percent: 200
2020/11/30-19:06:44.162296 1124dfe00 Options.compaction_options_universal.compression_size_percent: -1
2020/11/30-19:06:44.162297 1124dfe00 Options.compaction_options_universal.stop_style: kCompactionStopStyleTotalSize
2020/11/30-19:06:44.162298 1124dfe00 Options.compaction_options_fifo.max_table_files_size: 1073741824
2020/11/30-19:06:44.162299 1124dfe00 Options.compaction_options_fifo.allow_compaction: 0
2020/11/30-19:06:44.162301 1124dfe00                   Options.table_properties_collectors: 
2020/11/30-19:06:44.162302 1124dfe00                   Options.inplace_update_support: 0
2020/11/30-19:06:44.162303 1124dfe00                 Options.inplace_update_num_locks: 10000
2020/11/30-19:06:44.162304 1124dfe00               Options.memtable_prefix_bloom_size_ratio: 0.000000
2020/11/30-19:06:44.162305 1124dfe00               Options.memtable_whole_key_filtering: 0
2020/11/30-19:06:44.162306 1124dfe00   Options.memtable_huge_page_size: 0
2020/11/30-19:06:44.162307 1124dfe00                           Options.bloom_locality: 0
2020/11/30-19:06:44.162308 1124dfe00                    Options.max_successive_merges: 0
2020/11/30-19:06:44.162309 1124dfe00                Options.optimize_filters_for_hits: 0
2020/11/30-19:06:44.162310 1124dfe00                Options.paranoid_file_checks: 0
2020/11/30-19:06:44.162311 1124dfe00                Options.force_consistency_checks: 0
2020/11/30-19:06:44.162312 1124dfe00                Options.report_bg_io_stats: 0
2020/11/30-19:06:44.162313 1124dfe00                               Options.ttl: 2592000
2020/11/30-19:06:44.162314 1124dfe00          Options.periodic_compaction_seconds: 0
2020/11/30-19:06:44.162367 1124dfe00 [db/column_family.cc:579] --------------- Options for column family [message_id_to_message_id]:
2020/11/30-19:06:44.162369 1124dfe00               Options.comparator: leveldb.BytewiseComparator
2020/11/30-19:06:44.162370 1124dfe00           Options.merge_operator: None
2020/11/30-19:06:44.162371 1124dfe00        Options.compaction_filter: None
2020/11/30-19:06:44.162372 1124dfe00        Options.compaction_filter_factory: None
2020/11/30-19:06:44.162373 1124dfe00         Options.memtable_factory: SkipListFactory
2020/11/30-19:06:44.162375 1124dfe00            Options.table_factory: BlockBasedTable
2020/11/30-19:06:44.162389 1124dfe00            table_factory options:   flush_block_policy_factory: FlushBlockBySizePolicyFactory (0x7fce295241d0)
  cache_index_and_filter_blocks: 0
  cache_index_and_filter_blocks_with_high_priority: 1
  pin_l0_filter_and_index_blocks_in_cache: 0
  pin_top_level_index_and_filter: 1
  index_type: 0
  data_block_index_type: 0
  index_shortening: 1
  data_block_hash_table_util_ratio: 0.750000
  hash_index_allow_collision: 1
  checksum: 1
  no_block_cache: 0
  block_cache: 0x7fce29524218
  block_cache_name: LRUCache
  block_cache_options:
    capacity : 8388608
    num_shard_bits : 4
    strict_capacity_limit : 0
    memory_allocator : None
    high_pri_pool_ratio: 0.000
  block_cache_compressed: 0x0
  persistent_cache: 0x0
  block_size: 4096
  block_size_deviation: 10
  block_restart_interval: 16
  index_block_restart_interval: 1
  metadata_block_size: 4096
  partition_filters: 0
  use_delta_encoding: 1
  filter_policy: nullptr
  whole_key_filtering: 1
  verify_compression: 0
  read_amp_bytes_per_bit: 0
  format_version: 4
  enable_index_compression: 1
  block_align: 0
2020/11/30-19:06:44.162390 1124dfe00        Options.write_buffer_size: 67108864
2020/11/30-19:06:44.162391 1124dfe00  Options.max_write_buffer_number: 2
2020/11/30-19:06:44.162392 1124dfe00          Options.compression: NoCompression
2020/11/30-19:06:44.162393 1124dfe00                  Options.bottommost_compression: Disabled
2020/11/30-19:06:44.162394 1124dfe00       Options.prefix_extractor: rocksdb.FixedPrefix.32
2020/11/30-19:06:44.162395 1124dfe00   Options.memtable_insert_with_hint_prefix_extractor: nullptr
2020/11/30-19:06:44.162396 1124dfe00             Options.num_levels: 7
2020/11/30-19:06:44.162397 1124dfe00        Options.min_write_buffer_number_to_merge: 1
2020/11/30-19:06:44.162398 1124dfe00     Options.max_write_buffer_number_to_maintain: 0
2020/11/30-19:06:44.162399 1124dfe00     Options.max_write_buffer_size_to_maintain: 0
2020/11/30-19:06:44.162400 1124dfe00            Options.bottommost_compression_opts.window_bits: -14
2020/11/30-19:06:44.162401 1124dfe00                  Options.bottommost_compression_opts.level: 32767
2020/11/30-19:06:44.162402 1124dfe00               Options.bottommost_compression_opts.strategy: 0
2020/11/30-19:06:44.162403 1124dfe00         Options.bottommost_compression_opts.max_dict_bytes: 0
2020/11/30-19:06:44.162404 1124dfe00         Options.bottommost_compression_opts.zstd_max_train_bytes: 0
2020/11/30-19:06:44.162405 1124dfe00         Options.bottommost_compression_opts.parallel_threads: 1
2020/11/30-19:06:44.162406 1124dfe00                  Options.bottommost_compression_opts.enabled: false
2020/11/30-19:06:44.162407 1124dfe00            Options.compression_opts.window_bits: -14
2020/11/30-19:06:44.162408 1124dfe00                  Options.compression_opts.level: 32767
2020/11/30-19:06:44.162409 1124dfe00               Options.compression_opts.strategy: 0
2020/11/30-19:06:44.162410 1124dfe00         Options.compression_opts.max_dict_bytes: 0
2020/11/30-19:06:44.162411 1124dfe00         Options.compression_opts.zstd_max_train_bytes: 0
2020/11/30-19:06:44.162412 1124dfe00         Options.compression_opts.parallel_threads: 1
2020/11/30-19:06:44.162413 1124dfe00                  Options.compression_opts.enabled: false
2020/11/30-19:06:44.162414 1124dfe00      Options.level0_file_num_compaction_trigger: 4
2020/11/30-19:06:44.162415 1124dfe00          Options.level0_slowdown_writes_trigger: 20
2020/11/30-19:06:44.162434 1124dfe00              Options.level0_stop_writes_trigger: 36
2020/11/30-19:06:44.162435 1124dfe00                   Options.target_file_size_base: 67108864
2020/11/30-19:06:44.162436 1124dfe00             Options.target_file_size_multiplier: 1
2020/11/30-19:06:44.162437 1124dfe00                Options.max_bytes_for_level_base: 268435456
2020/11/30-19:06:44.162438 1124dfe00 Options.level_compaction_dynamic_level_bytes: 0
2020/11/30-19:06:44.162439 1124dfe00          Options.max_bytes_for_level_multiplier: 10.000000
2020/11/30-19:06:44.162441 1124dfe00 Options.max_bytes_for_level_multiplier_addtl[0]: 1
2020/11/30-19:06:44.162442 1124dfe00 Options.max_bytes_for_level_multiplier_addtl[1]: 1
2020/11/30-19:06:44.162443 1124dfe00 Options.max_bytes_for_level_multiplier_addtl[2]: 1
2020/11/30-19:06:44.162444 1124dfe00 Options.max_bytes_for_level_multiplier_addtl[3]: 1
2020/11/30-19:06:44.162445 1124dfe00 Options.max_bytes_for_level_multiplier_addtl[4]: 1
2020/11/30-19:06:44.162446 1124dfe00 Options.max_bytes_for_level_multiplier_addtl[5]: 1
2020/11/30-19:06:44.162447 1124dfe00 Options.max_bytes_for_level_multiplier_addtl[6]: 1
2020/11/30-19:06:44.162448 1124dfe00       Options.max_sequential_skip_in_iterations: 8
2020/11/30-19:06:44.162449 1124dfe00                    Options.max_compaction_bytes: 1677721600
2020/11/30-19:06:44.162450 1124dfe00                        Options.arena_block_size: 8388608
2020/11/30-19:06:44.162451 1124dfe00   Options.soft_pending_compaction_bytes_limit: 68719476736
2020/11/30-19:06:44.162452 1124dfe00   Options.hard_pending_compaction_bytes_limit: 274877906944
2020/11/30-19:06:44.162453 1124dfe00       Options.rate_limit_delay_max_milliseconds: 100
2020/11/30-19:06:44.162454 1124dfe00                Options.disable_auto_compactions: 0
2020/11/30-19:06:44.162455 1124dfe00                        Options.compaction_style: kCompactionStyleLevel
2020/11/30-19:06:44.162456 1124dfe00                          Options.compaction_pri: kMinOverlappingRatio
2020/11/30-19:06:44.162457 1124dfe00 Options.compaction_options_universal.size_ratio: 1
2020/11/30-19:06:44.162458 1124dfe00 Options.compaction_options_universal.min_merge_width: 2
2020/11/30-19:06:44.162459 1124dfe00 Options.compaction_options_universal.max_merge_width: 4294967295
2020/11/30-19:06:44.162460 1124dfe00 Options.compaction_options_universal.max_size_amplification_percent: 200
2020/11/30-19:06:44.162461 1124dfe00 Options.compaction_options_universal.compression_size_percent: -1
2020/11/30-19:06:44.162463 1124dfe00 Options.compaction_options_universal.stop_style: kCompactionStopStyleTotalSize
2020/11/30-19:06:44.162464 1124dfe00 Options.compaction_options_fifo.max_table_files_size: 1073741824
2020/11/30-19:06:44.162465 1124dfe00 Options.compaction_options_fifo.allow_compaction: 0
2020/11/30-19:06:44.162466 1124dfe00                   Options.table_properties_collectors: 
2020/11/30-19:06:44.162467 1124dfe00                   Options.inplace_update_support: 0
2020/11/30-19:06:44.162468 1124dfe00                 Options.inplace_update_num_locks: 10000
2020/11/30-19:06:44.162469 1124dfe00               Options.memtable_prefix_bloom_size_ratio: 0.000000
2020/11/30-19:06:44.162470 1124dfe00               Options.memtable_whole_key_filtering: 0
2020/11/30-19:06:44.162471 1124dfe00   Options.memtable_huge_page_size: 0
2020/11/30-19:06:44.162472 1124dfe00                           Options.bloom_locality: 0
2020/11/30-19:06:44.162473 1124dfe00                    Options.max_successive_merges: 0
2020/11/30-19:06:44.162474 1124dfe00                Options.optimize_filters_for_hits: 0
2020/11/30-19:06:44.162475 1124dfe00                Options.paranoid_file_checks: 0
2020/11/30-19:06:44.162476 1124dfe00                Options.force_consistency_checks: 0
2020/11/30-19:06:44.162477 1124dfe00                Options.report_bg_io_stats: 0
2020/11/30-19:06:44.162478 1124dfe00                               Options.ttl: 2592000
2020/11/30-19:06:44.162479 1124dfe00          Options.periodic_compaction_seconds: 0
2020/11/30-19:06:44.162530 1124dfe00 [db/column_family.cc:579] --------------- Options for column family [index_to_message_id]:
2020/11/30-19:06:44.162532 1124dfe00               Options.comparator: leveldb.BytewiseComparator
2020/11/30-19:06:44.162533 1124dfe00           Options.merge_operator: None
2020/11/30-19:06:44.162534 1124dfe00        Options.compaction_filter: None
2020/11/30-19:06:44.162535 1124dfe00        Options.compaction_filter_factory: None
2020/11/30-19:06:44.162536 1124dfe00         Options.memtable_factory: SkipListFactory
2020/11/30-19:06:44.162537 1124dfe00            Options.table_factory: BlockBasedTable
2020/11/30-19:06:44.162551 1124dfe00            table_factory options:   flush_block_policy_factory: FlushBlockBySizePolicyFactory (0x7fce29524dc0)
  cache_index_and_filter_blocks: 0
  cache_index_and_filter_blocks_with_high_priority: 1
  pin_l0_filter_and_index_blocks_in_cache: 0
  pin_top_level_index_and_filter: 1
  index_type: 0
  data_block_index_type: 0
  index_shortening: 1
  data_block_hash_table_util_ratio: 0.750000
  hash_index_allow_collision: 1
  checksum: 1
  no_block_cache: 0
  block_cache: 0x7fce29524e08
  block_cache_name: LRUCache
  block_cache_options:
    capacity : 8388608
    num_shard_bits : 4
    strict_capacity_limit : 0
    memory_allocator : None
    high_pri_pool_ratio: 0.000
  block_cache_compressed: 0x0
  persistent_cache: 0x0
  block_size: 4096
  block_size_deviation: 10
  block_restart_interval: 16
  index_block_restart_interval: 1
  metadata_block_size: 4096
  partition_filters: 0
  use_delta_encoding: 1
  filter_policy: nullptr
  whole_key_filtering: 1
  verify_compression: 0
  read_amp_bytes_per_bit: 0
  format_version: 4
  enable_index_compression: 1
  block_align: 0
2020/11/30-19:06:44.162552 1124dfe00        Options.write_buffer_size: 67108864
2020/11/30-19:06:44.162553 1124dfe00  Options.max_write_buffer_number: 2
2020/11/30-19:06:44.162554 1124dfe00          Options.compression: NoCompression
2020/11/30-19:06:44.162555 1124dfe00                  Options.bottommost_compression: Disabled
2020/11/30-19:06:44.162556 1124dfe00       Options.prefix_extractor: rocksdb.FixedPrefix.32
2020/11/30-19:06:44.162557 1124dfe00   Options.memtable_insert_with_hint_prefix_extractor: nullptr
2020/11/30-19:06:44.162558 1124dfe00             Options.num_levels: 7
2020/11/30-19:06:44.162559 1124dfe00        Options.min_write_buffer_number_to_merge: 1
2020/11/30-19:06:44.162560 1124dfe00     Options.max_write_buffer_number_to_maintain: 0
2020/11/30-19:06:44.162562 1124dfe00     Options.max_write_buffer_size_to_maintain: 0
2020/11/30-19:06:44.162563 1124dfe00            Options.bottommost_compression_opts.window_bits: -14
2020/11/30-19:06:44.162564 1124dfe00                  Options.bottommost_compression_opts.level: 32767
2020/11/30-19:06:44.162565 1124dfe00               Options.bottommost_compression_opts.strategy: 0
2020/11/30-19:06:44.162566 1124dfe00         Options.bottommost_compression_opts.max_dict_bytes: 0
2020/11/30-19:06:44.162567 1124dfe00         Options.bottommost_compression_opts.zstd_max_train_bytes: 0
2020/11/30-19:06:44.162568 1124dfe00         Options.bottommost_compression_opts.parallel_threads: 1
2020/11/30-19:06:44.162569 1124dfe00                  Options.bottommost_compression_opts.enabled: false
2020/11/30-19:06:44.162570 1124dfe00            Options.compression_opts.window_bits: -14
2020/11/30-19:06:44.162571 1124dfe00                  Options.compression_opts.level: 32767
2020/11/30-19:06:44.162572 1124dfe00               Options.compression_opts.strategy: 0
2020/11/30-19:06:44.162573 1124dfe00         Options.compression_opts.max_dict_bytes: 0
2020/11/30-19:06:44.162574 1124dfe00         Options.compression_opts.zstd_max_train_bytes: 0
2020/11/30-19:06:44.162575 1124dfe00         Options.compression_opts.parallel_threads: 1
2020/11/30-19:06:44.162576 1124dfe00                  Options.compression_opts.enabled: false
2020/11/30-19:06:44.162577 1124dfe00      Options.level0_file_num_compaction_trigger: 4
2020/11/30-19:06:44.162595 1124dfe00          Options.level0_slowdown_writes_trigger: 20
2020/11/30-19:06:44.162596 1124dfe00              Options.level0_stop_writes_trigger: 36
2020/11/30-19:06:44.162597 1124dfe00                   Options.target_file_size_base: 67108864
2020/11/30-19:06:44.162598 1124dfe00             Options.target_file_size_multiplier: 1
2020/11/30-19:06:44.162599 1124dfe00                Options.max_bytes_for_level_base: 268435456
2020/11/30-19:06:44.162600 1124dfe00 Options.level_compaction_dynamic_level_bytes: 0
2020/11/30-19:06:44.162601 1124dfe00          Options.max_bytes_for_level_multiplier: 10.000000
2020/11/30-19:06:44.162603 1124dfe00 Options.max_bytes_for_level_multiplier_addtl[0]: 1
2020/11/30-19:06:44.162604 1124dfe00 Options.max_bytes_for_level_multiplier_addtl[1]: 1
2020/11/30-19:06:44.162605 1124dfe00 Options.max_bytes_for_level_multiplier_addtl[2]: 1
2020/11/30-19:06:44.162606 1124dfe00 Options.max_bytes_for_level_multiplier_addtl[3]: 1
2020/11/30-19:06:44.162607 1124dfe00 Options.max_bytes_for_level_multiplier_addtl[4]: 1
2020/11/30-19:06:44.162608 1124dfe00 Options.max_bytes_for_level_multiplier_addtl[5]: 1
2020/11/30-19:06:44.162609 1124dfe00 Options.max_bytes_for_level_multiplier_addtl[6]: 1
2020/11/30-19:06:44.162610 1124dfe00       Options.max_sequential_skip_in_iterations: 8
2020/11/30-19:06:44.162611 1124dfe00                    Options.max_compaction_bytes: 1677721600
2020/11/30-19:06:44.162612 1124dfe00                        Options.arena_block_size: 8388608
2020/11/30-19:06:44.162613 1124dfe00   Options.soft_pending_compaction_bytes_limit: 68719476736
2020/11/30-19:06:44.162614 1124dfe00   Options.hard_pending_compaction_bytes_limit: 274877906944
2020/11/30-19:06:44.162615 1124dfe00       Options.rate_limit_delay_max_milliseconds: 100
2020/11/30-19:06:44.162616 1124dfe00                Options.disable_auto_compactions: 0
2020/11/30-19:06:44.162617 1124dfe00                        Options.compaction_style: kCompactionStyleLevel
2020/11/30-19:06:44.162618 1124dfe00                          Options.compaction_pri: kMinOverlappingRatio
2020/11/30-19:06:44.162619 1124dfe00 Options.compaction_options_universal.size_ratio: 1
2020/11/30-19:06:44.162620 1124dfe00 Options.compaction_options_universal.min_merge_width: 2
2020/11/30-19:06:44.162621 1124dfe00 Options.compaction_options_universal.max_merge_width: 4294967295
2020/11/30-19:06:44.162622 1124dfe00 Options.compaction_options_universal.max_size_amplification_percent: 200
2020/11/30-19:06:44.162623 1124dfe00 Options.compaction_options_universal.compression_size_percent: -1
2020/11/30-19:06:44.162624 1124dfe00 Options.compaction_options_universal.stop_style: kCompactionStopStyleTotalSize
2020/11/30-19:06:44.162625 1124dfe00 Options.compaction_options_fifo.max_table_files_size: 1073741824
2020/11/30-19:06:44.162626 1124dfe00 Options.compaction_options_fifo.allow_compaction: 0
2020/11/30-19:06:44.162627 1124dfe00                   Options.table_properties_collectors: 
