2020/11/30-19:04:36.621238 10e9f7e00 RocksDB version: 6.11.4
2020/11/30-19:04:36.621313 10e9f7e00 Git sha rocksdb_build_git_sha:@48bfca38f6f175435052a59791922a1a453d9609@
2020/11/30-19:04:36.621319 10e9f7e00 Compile date Nov 30 2020
2020/11/30-19:04:36.621320 10e9f7e00 DB SUMMARY
2020/11/30-19:04:36.621663 10e9f7e00 CURRENT file:  CURRENT
2020/11/30-19:04:36.621666 10e9f7e00 IDENTITY file:  IDENTITY
2020/11/30-19:04:36.621675 10e9f7e00 MANIFEST file:  MANIFEST-000658 size: 825 Bytes
2020/11/30-19:04:36.621677 10e9f7e00 SST files in ./database/alphanet dir, Total Num: 0, files: 
2020/11/30-19:04:36.621678 10e9f7e00 Write Ahead Log file in ./database/alphanet: 000659.log size: 0 ; 
2020/11/30-19:04:36.621699 10e9f7e00                         Options.error_if_exists: 0
2020/11/30-19:04:36.621700 10e9f7e00                       Options.create_if_missing: 1
2020/11/30-19:04:36.621701 10e9f7e00                         Options.paranoid_checks: 1
2020/11/30-19:04:36.621702 10e9f7e00                                     Options.env: 0x10b7194b8
2020/11/30-19:04:36.621703 10e9f7e00                                      Options.fs: Posix File System
2020/11/30-19:04:36.621704 10e9f7e00                                Options.info_log: 0x7fb1b7420610
2020/11/30-19:04:36.621705 10e9f7e00                Options.max_file_opening_threads: 16
2020/11/30-19:04:36.621706 10e9f7e00                              Options.statistics: 0x7fb1a7419ad8
2020/11/30-19:04:36.621707 10e9f7e00                               Options.use_fsync: 0
2020/11/30-19:04:36.621708 10e9f7e00                       Options.max_log_file_size: 0
2020/11/30-19:04:36.621709 10e9f7e00                  Options.max_manifest_file_size: 1073741824
2020/11/30-19:04:36.621710 10e9f7e00                   Options.log_file_time_to_roll: 0
2020/11/30-19:04:36.621711 10e9f7e00                       Options.keep_log_file_num: 1000
2020/11/30-19:04:36.621711 10e9f7e00                    Options.recycle_log_file_num: 0
2020/11/30-19:04:36.621712 10e9f7e00                         Options.allow_fallocate: 1
2020/11/30-19:04:36.621713 10e9f7e00                        Options.allow_mmap_reads: 0
2020/11/30-19:04:36.621714 10e9f7e00                       Options.allow_mmap_writes: 0
2020/11/30-19:04:36.621715 10e9f7e00                        Options.use_direct_reads: 0
2020/11/30-19:04:36.621716 10e9f7e00                        Options.use_direct_io_for_flush_and_compaction: 0
2020/11/30-19:04:36.621717 10e9f7e00          Options.create_missing_column_families: 1
2020/11/30-19:04:36.621718 10e9f7e00                              Options.db_log_dir: 
2020/11/30-19:04:36.621719 10e9f7e00                                 Options.wal_dir: ./database/alphanet
2020/11/30-19:04:36.621720 10e9f7e00                Options.table_cache_numshardbits: 6
2020/11/30-19:04:36.621720 10e9f7e00                      Options.max_subcompactions: 1
2020/11/30-19:04:36.621721 10e9f7e00                         Options.WAL_ttl_seconds: 0
2020/11/30-19:04:36.621722 10e9f7e00                       Options.WAL_size_limit_MB: 0
2020/11/30-19:04:36.621723 10e9f7e00                        Options.max_write_batch_group_size_bytes: 1048576
2020/11/30-19:04:36.621724 10e9f7e00             Options.manifest_preallocation_size: 4194304
2020/11/30-19:04:36.621725 10e9f7e00                     Options.is_fd_close_on_exec: 1
2020/11/30-19:04:36.621726 10e9f7e00                   Options.advise_random_on_open: 1
2020/11/30-19:04:36.621727 10e9f7e00                    Options.db_write_buffer_size: 0
2020/11/30-19:04:36.621728 10e9f7e00                    Options.write_buffer_manager: 0x7fb1b7420580
2020/11/30-19:04:36.621729 10e9f7e00         Options.access_hint_on_compaction_start: 1
2020/11/30-19:04:36.621730 10e9f7e00  Options.new_table_reader_for_compaction_inputs: 0
2020/11/30-19:04:36.621730 10e9f7e00           Options.random_access_max_buffer_size: 1048576
2020/11/30-19:04:36.621731 10e9f7e00                      Options.use_adaptive_mutex: 0
2020/11/30-19:04:36.621732 10e9f7e00                            Options.rate_limiter: 0x0
2020/11/30-19:04:36.621733 10e9f7e00     Options.sst_file_manager.rate_bytes_per_sec: 0
2020/11/30-19:04:36.621757 10e9f7e00                       Options.wal_recovery_mode: 2
2020/11/30-19:04:36.621759 10e9f7e00                  Options.enable_thread_tracking: 0
2020/11/30-19:04:36.621759 10e9f7e00                  Options.enable_pipelined_write: 0
2020/11/30-19:04:36.621762 10e9f7e00                  Options.unordered_write: 0
2020/11/30-19:04:36.621763 10e9f7e00         Options.allow_concurrent_memtable_write: 1
2020/11/30-19:04:36.621764 10e9f7e00      Options.enable_write_thread_adaptive_yield: 1
2020/11/30-19:04:36.621765 10e9f7e00             Options.write_thread_max_yield_usec: 100
2020/11/30-19:04:36.621766 10e9f7e00            Options.write_thread_slow_yield_usec: 3
2020/11/30-19:04:36.621767 10e9f7e00                               Options.row_cache: None
2020/11/30-19:04:36.621768 10e9f7e00                              Options.wal_filter: None
2020/11/30-19:04:36.621769 10e9f7e00             Options.avoid_flush_during_recovery: 0
2020/11/30-19:04:36.621770 10e9f7e00             Options.allow_ingest_behind: 0
2020/11/30-19:04:36.621771 10e9f7e00             Options.preserve_deletes: 0
2020/11/30-19:04:36.621772 10e9f7e00             Options.two_write_queues: 0
2020/11/30-19:04:36.621772 10e9f7e00             Options.manual_wal_flush: 0
2020/11/30-19:04:36.621773 10e9f7e00             Options.atomic_flush: 1
2020/11/30-19:04:36.621774 10e9f7e00             Options.avoid_unnecessary_blocking_io: 0
2020/11/30-19:04:36.621775 10e9f7e00                 Options.persist_stats_to_disk: 0
2020/11/30-19:04:36.621776 10e9f7e00                 Options.write_dbid_to_manifest: 0
2020/11/30-19:04:36.621777 10e9f7e00                 Options.log_readahead_size: 0
2020/11/30-19:04:36.621778 10e9f7e00                 Options.file_checksum_gen_factory: Unknown
2020/11/30-19:04:36.621780 10e9f7e00                 Options.best_efforts_recovery: 0
2020/11/30-19:04:36.621781 10e9f7e00             Options.max_background_jobs: 12
2020/11/30-19:04:36.621782 10e9f7e00             Options.max_background_compactions: -1
2020/11/30-19:04:36.621783 10e9f7e00             Options.avoid_flush_during_shutdown: 0
2020/11/30-19:04:36.621784 10e9f7e00           Options.writable_file_max_buffer_size: 1048576
2020/11/30-19:04:36.621785 10e9f7e00             Options.delayed_write_rate : 16777216
2020/11/30-19:04:36.621786 10e9f7e00             Options.max_total_wal_size: 0
2020/11/30-19:04:36.621787 10e9f7e00             Options.delete_obsolete_files_period_micros: 21600000000
2020/11/30-19:04:36.621788 10e9f7e00                   Options.stats_dump_period_sec: 600
2020/11/30-19:04:36.621789 10e9f7e00                 Options.stats_persist_period_sec: 600
2020/11/30-19:04:36.621790 10e9f7e00                 Options.stats_history_buffer_size: 1048576
2020/11/30-19:04:36.621791 10e9f7e00                          Options.max_open_files: -1
2020/11/30-19:04:36.621792 10e9f7e00                          Options.bytes_per_sync: 0
2020/11/30-19:04:36.621792 10e9f7e00                      Options.wal_bytes_per_sync: 0
2020/11/30-19:04:36.621793 10e9f7e00                   Options.strict_bytes_per_sync: 0
2020/11/30-19:04:36.621794 10e9f7e00       Options.compaction_readahead_size: 0
2020/11/30-19:04:36.621795 10e9f7e00                  Options.max_background_flushes: -1
2020/11/30-19:04:36.621796 10e9f7e00 Compression algorithms supported:
2020/11/30-19:04:36.621797 10e9f7e00 	kZSTD supported: 0
2020/11/30-19:04:36.621798 10e9f7e00 	kZlibCompression supported: 0
2020/11/30-19:04:36.621799 10e9f7e00 	kXpressCompression supported: 0
2020/11/30-19:04:36.621800 10e9f7e00 	kSnappyCompression supported: 0
2020/11/30-19:04:36.621801 10e9f7e00 	kZSTDNotFinalCompression supported: 0
2020/11/30-19:04:36.621802 10e9f7e00 	kLZ4HCCompression supported: 0
2020/11/30-19:04:36.621803 10e9f7e00 	kLZ4Compression supported: 0
2020/11/30-19:04:36.621804 10e9f7e00 	kBZip2Compression supported: 0
2020/11/30-19:04:36.621808 10e9f7e00 Fast CRC32 supported: Supported on x86
2020/11/30-19:04:36.621958 10e9f7e00 [db/version_set.cc:4555] Recovering from manifest file: ./database/alphanet/MANIFEST-000658
2020/11/30-19:04:36.622043 10e9f7e00 [db/column_family.cc:579] --------------- Options for column family [default]:
2020/11/30-19:04:36.622045 10e9f7e00               Options.comparator: leveldb.BytewiseComparator
2020/11/30-19:04:36.622046 10e9f7e00           Options.merge_operator: None
2020/11/30-19:04:36.622047 10e9f7e00        Options.compaction_filter: None
2020/11/30-19:04:36.622048 10e9f7e00        Options.compaction_filter_factory: None
2020/11/30-19:04:36.622049 10e9f7e00         Options.memtable_factory: SkipListFactory
2020/11/30-19:04:36.622050 10e9f7e00            Options.table_factory: BlockBasedTable
2020/11/30-19:04:36.622090 10e9f7e00            table_factory options:   flush_block_policy_factory: FlushBlockBySizePolicyFactory (0x7fb1a7419310)
  cache_index_and_filter_blocks: 0
  cache_index_and_filter_blocks_with_high_priority: 1
  pin_l0_filter_and_index_blocks_in_cache: 0
  pin_top_level_index_and_filter: 1
  index_type: 0
  data_block_index_type: 0
  index_shortening: 1
  data_block_hash_table_util_ratio: 0.750000
  hash_index_allow_collision: 1
  checksum: 1
  no_block_cache: 0
  block_cache: 0x7fb1a7419358
  block_cache_name: LRUCache
  block_cache_options:
    capacity : 8388608
    num_shard_bits : 4
    strict_capacity_limit : 0
    memory_allocator : None
    high_pri_pool_ratio: 0.000
  block_cache_compressed: 0x0
  persistent_cache: 0x0
  block_size: 4096
  block_size_deviation: 10
  block_restart_interval: 16
  index_block_restart_interval: 1
  metadata_block_size: 4096
  partition_filters: 0
  use_delta_encoding: 1
  filter_policy: nullptr
  whole_key_filtering: 1
  verify_compression: 0
  read_amp_bytes_per_bit: 0
  format_version: 4
  enable_index_compression: 1
  block_align: 0
2020/11/30-19:04:36.622094 10e9f7e00        Options.write_buffer_size: 67108864
2020/11/30-19:04:36.622095 10e9f7e00  Options.max_write_buffer_number: 2
2020/11/30-19:04:36.622096 10e9f7e00          Options.compression: NoCompression
2020/11/30-19:04:36.622097 10e9f7e00                  Options.bottommost_compression: Disabled
2020/11/30-19:04:36.622098 10e9f7e00       Options.prefix_extractor: nullptr
2020/11/30-19:04:36.622099 10e9f7e00   Options.memtable_insert_with_hint_prefix_extractor: nullptr
2020/11/30-19:04:36.622100 10e9f7e00             Options.num_levels: 7
2020/11/30-19:04:36.622101 10e9f7e00        Options.min_write_buffer_number_to_merge: 1
2020/11/30-19:04:36.622102 10e9f7e00     Options.max_write_buffer_number_to_maintain: 0
2020/11/30-19:04:36.622103 10e9f7e00     Options.max_write_buffer_size_to_maintain: 0
2020/11/30-19:04:36.622104 10e9f7e00            Options.bottommost_compression_opts.window_bits: -14
2020/11/30-19:04:36.622105 10e9f7e00                  Options.bottommost_compression_opts.level: 32767
2020/11/30-19:04:36.622106 10e9f7e00               Options.bottommost_compression_opts.strategy: 0
2020/11/30-19:04:36.622106 10e9f7e00         Options.bottommost_compression_opts.max_dict_bytes: 0
2020/11/30-19:04:36.622107 10e9f7e00         Options.bottommost_compression_opts.zstd_max_train_bytes: 0
2020/11/30-19:04:36.622108 10e9f7e00         Options.bottommost_compression_opts.parallel_threads: 1
2020/11/30-19:04:36.622109 10e9f7e00                  Options.bottommost_compression_opts.enabled: false
2020/11/30-19:04:36.622110 10e9f7e00            Options.compression_opts.window_bits: -14
2020/11/30-19:04:36.622111 10e9f7e00                  Options.compression_opts.level: 32767
2020/11/30-19:04:36.622112 10e9f7e00               Options.compression_opts.strategy: 0
2020/11/30-19:04:36.622113 10e9f7e00         Options.compression_opts.max_dict_bytes: 0
2020/11/30-19:04:36.622114 10e9f7e00         Options.compression_opts.zstd_max_train_bytes: 0
2020/11/30-19:04:36.622115 10e9f7e00         Options.compression_opts.parallel_threads: 1
2020/11/30-19:04:36.622116 10e9f7e00                  Options.compression_opts.enabled: false
2020/11/30-19:04:36.622116 10e9f7e00      Options.level0_file_num_compaction_trigger: 4
2020/11/30-19:04:36.622117 10e9f7e00          Options.level0_slowdown_writes_trigger: 20
2020/11/30-19:04:36.622135 10e9f7e00              Options.level0_stop_writes_trigger: 36
2020/11/30-19:04:36.622137 10e9f7e00                   Options.target_file_size_base: 67108864
2020/11/30-19:04:36.622138 10e9f7e00             Options.target_file_size_multiplier: 1
2020/11/30-19:04:36.622139 10e9f7e00                Options.max_bytes_for_level_base: 268435456
2020/11/30-19:04:36.622140 10e9f7e00 Options.level_compaction_dynamic_level_bytes: 0
2020/11/30-19:04:36.622141 10e9f7e00          Options.max_bytes_for_level_multiplier: 10.000000
2020/11/30-19:04:36.622142 10e9f7e00 Options.max_bytes_for_level_multiplier_addtl[0]: 1
2020/11/30-19:04:36.622143 10e9f7e00 Options.max_bytes_for_level_multiplier_addtl[1]: 1
2020/11/30-19:04:36.622144 10e9f7e00 Options.max_bytes_for_level_multiplier_addtl[2]: 1
2020/11/30-19:04:36.622145 10e9f7e00 Options.max_bytes_for_level_multiplier_addtl[3]: 1
2020/11/30-19:04:36.622146 10e9f7e00 Options.max_bytes_for_level_multiplier_addtl[4]: 1
2020/11/30-19:04:36.622147 10e9f7e00 Options.max_bytes_for_level_multiplier_addtl[5]: 1
2020/11/30-19:04:36.622148 10e9f7e00 Options.max_bytes_for_level_multiplier_addtl[6]: 1
2020/11/30-19:04:36.622149 10e9f7e00       Options.max_sequential_skip_in_iterations: 8
2020/11/30-19:04:36.622149 10e9f7e00                    Options.max_compaction_bytes: 1677721600
2020/11/30-19:04:36.622150 10e9f7e00                        Options.arena_block_size: 8388608
2020/11/30-19:04:36.622151 10e9f7e00   Options.soft_pending_compaction_bytes_limit: 68719476736
2020/11/30-19:04:36.622152 10e9f7e00   Options.hard_pending_compaction_bytes_limit: 274877906944
2020/11/30-19:04:36.622153 10e9f7e00       Options.rate_limit_delay_max_milliseconds: 100
2020/11/30-19:04:36.622154 10e9f7e00                Options.disable_auto_compactions: 0
2020/11/30-19:04:36.622155 10e9f7e00                        Options.compaction_style: kCompactionStyleLevel
2020/11/30-19:04:36.622156 10e9f7e00                          Options.compaction_pri: kMinOverlappingRatio
2020/11/30-19:04:36.622157 10e9f7e00 Options.compaction_options_universal.size_ratio: 1
2020/11/30-19:04:36.622158 10e9f7e00 Options.compaction_options_universal.min_merge_width: 2
2020/11/30-19:04:36.622159 10e9f7e00 Options.compaction_options_universal.max_merge_width: 4294967295
2020/11/30-19:04:36.622160 10e9f7e00 Options.compaction_options_universal.max_size_amplification_percent: 200
2020/11/30-19:04:36.622161 10e9f7e00 Options.compaction_options_universal.compression_size_percent: -1
2020/11/30-19:04:36.622163 10e9f7e00 Options.compaction_options_universal.stop_style: kCompactionStopStyleTotalSize
2020/11/30-19:04:36.622163 10e9f7e00 Options.compaction_options_fifo.max_table_files_size: 1073741824
2020/11/30-19:04:36.622164 10e9f7e00 Options.compaction_options_fifo.allow_compaction: 0
2020/11/30-19:04:36.622169 10e9f7e00                   Options.table_properties_collectors: 
2020/11/30-19:04:36.622170 10e9f7e00                   Options.inplace_update_support: 0
2020/11/30-19:04:36.622171 10e9f7e00                 Options.inplace_update_num_locks: 10000
2020/11/30-19:04:36.622172 10e9f7e00               Options.memtable_prefix_bloom_size_ratio: 0.000000
2020/11/30-19:04:36.622173 10e9f7e00               Options.memtable_whole_key_filtering: 0
2020/11/30-19:04:36.622174 10e9f7e00   Options.memtable_huge_page_size: 0
2020/11/30-19:04:36.622175 10e9f7e00                           Options.bloom_locality: 0
2020/11/30-19:04:36.622176 10e9f7e00                    Options.max_successive_merges: 0
2020/11/30-19:04:36.622177 10e9f7e00                Options.optimize_filters_for_hits: 0
2020/11/30-19:04:36.622178 10e9f7e00                Options.paranoid_file_checks: 0
2020/11/30-19:04:36.622179 10e9f7e00                Options.force_consistency_checks: 0
2020/11/30-19:04:36.622179 10e9f7e00                Options.report_bg_io_stats: 0
2020/11/30-19:04:36.622180 10e9f7e00                               Options.ttl: 2592000
2020/11/30-19:04:36.622181 10e9f7e00          Options.periodic_compaction_seconds: 0
2020/11/30-19:04:36.622285 10e9f7e00 [db/column_family.cc:579] --------------- Options for column family [message_id_to_message]:
2020/11/30-19:04:36.622287 10e9f7e00               Options.comparator: leveldb.BytewiseComparator
2020/11/30-19:04:36.622288 10e9f7e00           Options.merge_operator: None
2020/11/30-19:04:36.622289 10e9f7e00        Options.compaction_filter: None
2020/11/30-19:04:36.622290 10e9f7e00        Options.compaction_filter_factory: None
2020/11/30-19:04:36.622291 10e9f7e00         Options.memtable_factory: SkipListFactory
2020/11/30-19:04:36.622292 10e9f7e00            Options.table_factory: BlockBasedTable
2020/11/30-19:04:36.622306 10e9f7e00            table_factory options:   flush_block_policy_factory: FlushBlockBySizePolicyFactory (0x7fb1a74124d0)
  cache_index_and_filter_blocks: 0
  cache_index_and_filter_blocks_with_high_priority: 1
  pin_l0_filter_and_index_blocks_in_cache: 0
  pin_top_level_index_and_filter: 1
  index_type: 0
  data_block_index_type: 0
  index_shortening: 1
  data_block_hash_table_util_ratio: 0.750000
  hash_index_allow_collision: 1
  checksum: 1
  no_block_cache: 0
  block_cache: 0x7fb1a7413568
  block_cache_name: LRUCache
  block_cache_options:
    capacity : 8388608
    num_shard_bits : 4
    strict_capacity_limit : 0
    memory_allocator : None
    high_pri_pool_ratio: 0.000
  block_cache_compressed: 0x0
  persistent_cache: 0x0
  block_size: 4096
  block_size_deviation: 10
  block_restart_interval: 16
  index_block_restart_interval: 1
  metadata_block_size: 4096
  partition_filters: 0
  use_delta_encoding: 1
  filter_policy: nullptr
  whole_key_filtering: 1
  verify_compression: 0
  read_amp_bytes_per_bit: 0
  format_version: 4
  enable_index_compression: 1
  block_align: 0
2020/11/30-19:04:36.622308 10e9f7e00        Options.write_buffer_size: 67108864
2020/11/30-19:04:36.622309 10e9f7e00  Options.max_write_buffer_number: 2
2020/11/30-19:04:36.622309 10e9f7e00          Options.compression: NoCompression
2020/11/30-19:04:36.622310 10e9f7e00                  Options.bottommost_compression: Disabled
2020/11/30-19:04:36.622311 10e9f7e00       Options.prefix_extractor: nullptr
2020/11/30-19:04:36.622312 10e9f7e00   Options.memtable_insert_with_hint_prefix_extractor: nullptr
2020/11/30-19:04:36.622313 10e9f7e00             Options.num_levels: 7
2020/11/30-19:04:36.622314 10e9f7e00        Options.min_write_buffer_number_to_merge: 1
2020/11/30-19:04:36.622315 10e9f7e00     Options.max_write_buffer_number_to_maintain: 0
2020/11/30-19:04:36.622316 10e9f7e00     Options.max_write_buffer_size_to_maintain: 0
2020/11/30-19:04:36.622317 10e9f7e00            Options.bottommost_compression_opts.window_bits: -14
2020/11/30-19:04:36.622318 10e9f7e00                  Options.bottommost_compression_opts.level: 32767
2020/11/30-19:04:36.622319 10e9f7e00               Options.bottommost_compression_opts.strategy: 0
2020/11/30-19:04:36.622320 10e9f7e00         Options.bottommost_compression_opts.max_dict_bytes: 0
2020/11/30-19:04:36.622321 10e9f7e00         Options.bottommost_compression_opts.zstd_max_train_bytes: 0
2020/11/30-19:04:36.622321 10e9f7e00         Options.bottommost_compression_opts.parallel_threads: 1
2020/11/30-19:04:36.622324 10e9f7e00                  Options.bottommost_compression_opts.enabled: false
2020/11/30-19:04:36.622325 10e9f7e00            Options.compression_opts.window_bits: -14
2020/11/30-19:04:36.622326 10e9f7e00                  Options.compression_opts.level: 32767
2020/11/30-19:04:36.622327 10e9f7e00               Options.compression_opts.strategy: 0
2020/11/30-19:04:36.622328 10e9f7e00         Options.compression_opts.max_dict_bytes: 0
2020/11/30-19:04:36.622329 10e9f7e00         Options.compression_opts.zstd_max_train_bytes: 0
2020/11/30-19:04:36.622330 10e9f7e00         Options.compression_opts.parallel_threads: 1
2020/11/30-19:04:36.622330 10e9f7e00                  Options.compression_opts.enabled: false
2020/11/30-19:04:36.622331 10e9f7e00      Options.level0_file_num_compaction_trigger: 4
2020/11/30-19:04:36.622332 10e9f7e00          Options.level0_slowdown_writes_trigger: 20
2020/11/30-19:04:36.622349 10e9f7e00              Options.level0_stop_writes_trigger: 36
2020/11/30-19:04:36.622350 10e9f7e00                   Options.target_file_size_base: 67108864
2020/11/30-19:04:36.622351 10e9f7e00             Options.target_file_size_multiplier: 1
2020/11/30-19:04:36.622352 10e9f7e00                Options.max_bytes_for_level_base: 268435456
2020/11/30-19:04:36.622353 10e9f7e00 Options.level_compaction_dynamic_level_bytes: 0
2020/11/30-19:04:36.622354 10e9f7e00          Options.max_bytes_for_level_multiplier: 10.000000
2020/11/30-19:04:36.622355 10e9f7e00 Options.max_bytes_for_level_multiplier_addtl[0]: 1
2020/11/30-19:04:36.622356 10e9f7e00 Options.max_bytes_for_level_multiplier_addtl[1]: 1
2020/11/30-19:04:36.622357 10e9f7e00 Options.max_bytes_for_level_multiplier_addtl[2]: 1
2020/11/30-19:04:36.622358 10e9f7e00 Options.max_bytes_for_level_multiplier_addtl[3]: 1
2020/11/30-19:04:36.622359 10e9f7e00 Options.max_bytes_for_level_multiplier_addtl[4]: 1
2020/11/30-19:04:36.622360 10e9f7e00 Options.max_bytes_for_level_multiplier_addtl[5]: 1
2020/11/30-19:04:36.622360 10e9f7e00 Options.max_bytes_for_level_multiplier_addtl[6]: 1
2020/11/30-19:04:36.622361 10e9f7e00       Options.max_sequential_skip_in_iterations: 8
2020/11/30-19:04:36.622362 10e9f7e00                    Options.max_compaction_bytes: 1677721600
2020/11/30-19:04:36.622363 10e9f7e00                        Options.arena_block_size: 8388608
2020/11/30-19:04:36.622364 10e9f7e00   Options.soft_pending_compaction_bytes_limit: 68719476736
2020/11/30-19:04:36.622365 10e9f7e00   Options.hard_pending_compaction_bytes_limit: 274877906944
2020/11/30-19:04:36.622366 10e9f7e00       Options.rate_limit_delay_max_milliseconds: 100
2020/11/30-19:04:36.622367 10e9f7e00                Options.disable_auto_compactions: 0
2020/11/30-19:04:36.622368 10e9f7e00                        Options.compaction_style: kCompactionStyleLevel
2020/11/30-19:04:36.622369 10e9f7e00                          Options.compaction_pri: kMinOverlappingRatio
2020/11/30-19:04:36.622370 10e9f7e00 Options.compaction_options_universal.size_ratio: 1
2020/11/30-19:04:36.622371 10e9f7e00 Options.compaction_options_universal.min_merge_width: 2
2020/11/30-19:04:36.622372 10e9f7e00 Options.compaction_options_universal.max_merge_width: 4294967295
2020/11/30-19:04:36.622373 10e9f7e00 Options.compaction_options_universal.max_size_amplification_percent: 200
2020/11/30-19:04:36.622374 10e9f7e00 Options.compaction_options_universal.compression_size_percent: -1
2020/11/30-19:04:36.622375 10e9f7e00 Options.compaction_options_universal.stop_style: kCompactionStopStyleTotalSize
2020/11/30-19:04:36.622376 10e9f7e00 Options.compaction_options_fifo.max_table_files_size: 1073741824
2020/11/30-19:04:36.622377 10e9f7e00 Options.compaction_options_fifo.allow_compaction: 0
2020/11/30-19:04:36.622378 10e9f7e00                   Options.table_properties_collectors: 
2020/11/30-19:04:36.622379 10e9f7e00                   Options.inplace_update_support: 0
2020/11/30-19:04:36.622380 10e9f7e00                 Options.inplace_update_num_locks: 10000
2020/11/30-19:04:36.622381 10e9f7e00               Options.memtable_prefix_bloom_size_ratio: 0.000000
2020/11/30-19:04:36.622382 10e9f7e00               Options.memtable_whole_key_filtering: 0
2020/11/30-19:04:36.622383 10e9f7e00   Options.memtable_huge_page_size: 0
2020/11/30-19:04:36.622384 10e9f7e00                           Options.bloom_locality: 0
2020/11/30-19:04:36.622384 10e9f7e00                    Options.max_successive_merges: 0
2020/11/30-19:04:36.622385 10e9f7e00                Options.optimize_filters_for_hits: 0
2020/11/30-19:04:36.622386 10e9f7e00                Options.paranoid_file_checks: 0
2020/11/30-19:04:36.622387 10e9f7e00                Options.force_consistency_checks: 0
2020/11/30-19:04:36.622388 10e9f7e00                Options.report_bg_io_stats: 0
2020/11/30-19:04:36.622389 10e9f7e00                               Options.ttl: 2592000
2020/11/30-19:04:36.622390 10e9f7e00          Options.periodic_compaction_seconds: 0
2020/11/30-19:04:36.622440 10e9f7e00 [db/column_family.cc:579] --------------- Options for column family [message_id_to_message_id]:
2020/11/30-19:04:36.622443 10e9f7e00               Options.comparator: leveldb.BytewiseComparator
2020/11/30-19:04:36.622444 10e9f7e00           Options.merge_operator: None
2020/11/30-19:04:36.622444 10e9f7e00        Options.compaction_filter: None
2020/11/30-19:04:36.622445 10e9f7e00        Options.compaction_filter_factory: None
2020/11/30-19:04:36.622446 10e9f7e00         Options.memtable_factory: SkipListFactory
2020/11/30-19:04:36.622447 10e9f7e00            Options.table_factory: BlockBasedTable
2020/11/30-19:04:36.622459 10e9f7e00            table_factory options:   flush_block_policy_factory: FlushBlockBySizePolicyFactory (0x7fb1a7414c50)
  cache_index_and_filter_blocks: 0
  cache_index_and_filter_blocks_with_high_priority: 1
  pin_l0_filter_and_index_blocks_in_cache: 0
  pin_top_level_index_and_filter: 1
  index_type: 0
  data_block_index_type: 0
  index_shortening: 1
  data_block_hash_table_util_ratio: 0.750000
  hash_index_allow_collision: 1
  checksum: 1
  no_block_cache: 0
  block_cache: 0x7fb1a7414c98
  block_cache_name: LRUCache
  block_cache_options:
    capacity : 8388608
    num_shard_bits : 4
    strict_capacity_limit : 0
    memory_allocator : None
    high_pri_pool_ratio: 0.000
  block_cache_compressed: 0x0
  persistent_cache: 0x0
  block_size: 4096
  block_size_deviation: 10
  block_restart_interval: 16
  index_block_restart_interval: 1
  metadata_block_size: 4096
  partition_filters: 0
  use_delta_encoding: 1
  filter_policy: nullptr
  whole_key_filtering: 1
  verify_compression: 0
  read_amp_bytes_per_bit: 0
  format_version: 4
  enable_index_compression: 1
  block_align: 0
2020/11/30-19:04:36.622460 10e9f7e00        Options.write_buffer_size: 67108864
2020/11/30-19:04:36.622461 10e9f7e00  Options.max_write_buffer_number: 2
2020/11/30-19:04:36.622462 10e9f7e00          Options.compression: NoCompression
2020/11/30-19:04:36.622463 10e9f7e00                  Options.bottommost_compression: Disabled
2020/11/30-19:04:36.622464 10e9f7e00       Options.prefix_extractor: rocksdb.FixedPrefix.32
2020/11/30-19:04:36.622465 10e9f7e00   Options.memtable_insert_with_hint_prefix_extractor: nullptr
2020/11/30-19:04:36.622466 10e9f7e00             Options.num_levels: 7
2020/11/30-19:04:36.622466 10e9f7e00        Options.min_write_buffer_number_to_merge: 1
2020/11/30-19:04:36.622467 10e9f7e00     Options.max_write_buffer_number_to_maintain: 0
2020/11/30-19:04:36.622468 10e9f7e00     Options.max_write_buffer_size_to_maintain: 0
2020/11/30-19:04:36.622469 10e9f7e00            Options.bottommost_compression_opts.window_bits: -14
2020/11/30-19:04:36.622470 10e9f7e00                  Options.bottommost_compression_opts.level: 32767
2020/11/30-19:04:36.622471 10e9f7e00               Options.bottommost_compression_opts.strategy: 0
2020/11/30-19:04:36.622472 10e9f7e00         Options.bottommost_compression_opts.max_dict_bytes: 0
2020/11/30-19:04:36.622473 10e9f7e00         Options.bottommost_compression_opts.zstd_max_train_bytes: 0
2020/11/30-19:04:36.622474 10e9f7e00         Options.bottommost_compression_opts.parallel_threads: 1
2020/11/30-19:04:36.622475 10e9f7e00                  Options.bottommost_compression_opts.enabled: false
2020/11/30-19:04:36.622476 10e9f7e00            Options.compression_opts.window_bits: -14
2020/11/30-19:04:36.622477 10e9f7e00                  Options.compression_opts.level: 32767
2020/11/30-19:04:36.622477 10e9f7e00               Options.compression_opts.strategy: 0
2020/11/30-19:04:36.622478 10e9f7e00         Options.compression_opts.max_dict_bytes: 0
2020/11/30-19:04:36.622479 10e9f7e00         Options.compression_opts.zstd_max_train_bytes: 0
2020/11/30-19:04:36.622480 10e9f7e00         Options.compression_opts.parallel_threads: 1
2020/11/30-19:04:36.622481 10e9f7e00                  Options.compression_opts.enabled: false
2020/11/30-19:04:36.622482 10e9f7e00      Options.level0_file_num_compaction_trigger: 4
2020/11/30-19:04:36.622483 10e9f7e00          Options.level0_slowdown_writes_trigger: 20
2020/11/30-19:04:36.622498 10e9f7e00              Options.level0_stop_writes_trigger: 36
2020/11/30-19:04:36.622499 10e9f7e00                   Options.target_file_size_base: 67108864
2020/11/30-19:04:36.622500 10e9f7e00             Options.target_file_size_multiplier: 1
2020/11/30-19:04:36.622501 10e9f7e00                Options.max_bytes_for_level_base: 268435456
2020/11/30-19:04:36.622502 10e9f7e00 Options.level_compaction_dynamic_level_bytes: 0
2020/11/30-19:04:36.622503 10e9f7e00          Options.max_bytes_for_level_multiplier: 10.000000
2020/11/30-19:04:36.622504 10e9f7e00 Options.max_bytes_for_level_multiplier_addtl[0]: 1
2020/11/30-19:04:36.622505 10e9f7e00 Options.max_bytes_for_level_multiplier_addtl[1]: 1
2020/11/30-19:04:36.622506 10e9f7e00 Options.max_bytes_for_level_multiplier_addtl[2]: 1
2020/11/30-19:04:36.622506 10e9f7e00 Options.max_bytes_for_level_multiplier_addtl[3]: 1
2020/11/30-19:04:36.622507 10e9f7e00 Options.max_bytes_for_level_multiplier_addtl[4]: 1
2020/11/30-19:04:36.622508 10e9f7e00 Options.max_bytes_for_level_multiplier_addtl[5]: 1
2020/11/30-19:04:36.622509 10e9f7e00 Options.max_bytes_for_level_multiplier_addtl[6]: 1
2020/11/30-19:04:36.622510 10e9f7e00       Options.max_sequential_skip_in_iterations: 8
2020/11/30-19:04:36.622511 10e9f7e00                    Options.max_compaction_bytes: 1677721600
2020/11/30-19:04:36.622512 10e9f7e00                        Options.arena_block_size: 8388608
2020/11/30-19:04:36.622513 10e9f7e00   Options.soft_pending_compaction_bytes_limit: 68719476736
2020/11/30-19:04:36.622514 10e9f7e00   Options.hard_pending_compaction_bytes_limit: 274877906944
2020/11/30-19:04:36.622515 10e9f7e00       Options.rate_limit_delay_max_milliseconds: 100
2020/11/30-19:04:36.622516 10e9f7e00                Options.disable_auto_compactions: 0
2020/11/30-19:04:36.622517 10e9f7e00                        Options.compaction_style: kCompactionStyleLevel
2020/11/30-19:04:36.622517 10e9f7e00                          Options.compaction_pri: kMinOverlappingRatio
2020/11/30-19:04:36.622518 10e9f7e00 Options.compaction_options_universal.size_ratio: 1
2020/11/30-19:04:36.622519 10e9f7e00 Options.compaction_options_universal.min_merge_width: 2
2020/11/30-19:04:36.622520 10e9f7e00 Options.compaction_options_universal.max_merge_width: 4294967295
2020/11/30-19:04:36.622521 10e9f7e00 Options.compaction_options_universal.max_size_amplification_percent: 200
2020/11/30-19:04:36.622522 10e9f7e00 Options.compaction_options_universal.compression_size_percent: -1
2020/11/30-19:04:36.622523 10e9f7e00 Options.compaction_options_universal.stop_style: kCompactionStopStyleTotalSize
2020/11/30-19:04:36.622524 10e9f7e00 Options.compaction_options_fifo.max_table_files_size: 1073741824
2020/11/30-19:04:36.622525 10e9f7e00 Options.compaction_options_fifo.allow_compaction: 0
2020/11/30-19:04:36.622526 10e9f7e00                   Options.table_properties_collectors: 
2020/11/30-19:04:36.622527 10e9f7e00                   Options.inplace_update_support: 0
2020/11/30-19:04:36.622528 10e9f7e00                 Options.inplace_update_num_locks: 10000
2020/11/30-19:04:36.622529 10e9f7e00               Options.memtable_prefix_bloom_size_ratio: 0.000000
2020/11/30-19:04:36.622530 10e9f7e00               Options.memtable_whole_key_filtering: 0
2020/11/30-19:04:36.622531 10e9f7e00   Options.memtable_huge_page_size: 0
2020/11/30-19:04:36.622532 10e9f7e00                           Options.bloom_locality: 0
2020/11/30-19:04:36.622533 10e9f7e00                    Options.max_successive_merges: 0
2020/11/30-19:04:36.622534 10e9f7e00                Options.optimize_filters_for_hits: 0
2020/11/30-19:04:36.622534 10e9f7e00                Options.paranoid_file_checks: 0
2020/11/30-19:04:36.622535 10e9f7e00                Options.force_consistency_checks: 0
2020/11/30-19:04:36.622536 10e9f7e00                Options.report_bg_io_stats: 0
2020/11/30-19:04:36.622537 10e9f7e00                               Options.ttl: 2592000
2020/11/30-19:04:36.622538 10e9f7e00          Options.periodic_compaction_seconds: 0
2020/11/30-19:04:36.622584 10e9f7e00 [db/column_family.cc:579] --------------- Options for column family [index_to_message_id]:
2020/11/30-19:04:36.622586 10e9f7e00               Options.comparator: leveldb.BytewiseComparator
2020/11/30-19:04:36.622587 10e9f7e00           Options.merge_operator: None
2020/11/30-19:04:36.622588 10e9f7e00        Options.compaction_filter: None
2020/11/30-19:04:36.622588 10e9f7e00        Options.compaction_filter_factory: None
2020/11/30-19:04:36.622589 10e9f7e00         Options.memtable_factory: SkipListFactory
2020/11/30-19:04:36.622590 10e9f7e00            Options.table_factory: BlockBasedTable
2020/11/30-19:04:36.622603 10e9f7e00            table_factory options:   flush_block_policy_factory: FlushBlockBySizePolicyFactory (0x7fb1a7415840)
  cache_index_and_filter_blocks: 0
  cache_index_and_filter_blocks_with_high_priority: 1
  pin_l0_filter_and_index_blocks_in_cache: 0
  pin_top_level_index_and_filter: 1
  index_type: 0
  data_block_index_type: 0
  index_shortening: 1
  data_block_hash_table_util_ratio: 0.750000
  hash_index_allow_collision: 1
  checksum: 1
  no_block_cache: 0
  block_cache: 0x7fb1a7415888
  block_cache_name: LRUCache
  block_cache_options:
    capacity : 8388608
    num_shard_bits : 4
    strict_capacity_limit : 0
    memory_allocator : None
    high_pri_pool_ratio: 0.000
  block_cache_compressed: 0x0
  persistent_cache: 0x0
  block_size: 4096
  block_size_deviation: 10
  block_restart_interval: 16
  index_block_restart_interval: 1
  metadata_block_size: 4096
  partition_filters: 0
  use_delta_encoding: 1
  filter_policy: nullptr
  whole_key_filtering: 1
  verify_compression: 0
  read_amp_bytes_per_bit: 0
  format_version: 4
  enable_index_compression: 1
  block_align: 0
2020/11/30-19:04:36.622604 10e9f7e00        Options.write_buffer_size: 67108864
2020/11/30-19:04:36.622605 10e9f7e00  Options.max_write_buffer_number: 2
2020/11/30-19:04:36.622606 10e9f7e00          Options.compression: NoCompression
2020/11/30-19:04:36.622607 10e9f7e00                  Options.bottommost_compression: Disabled
2020/11/30-19:04:36.622608 10e9f7e00       Options.prefix_extractor: rocksdb.FixedPrefix.32
2020/11/30-19:04:36.622609 10e9f7e00   Options.memtable_insert_with_hint_prefix_extractor: nullptr
2020/11/30-19:04:36.622610 10e9f7e00             Options.num_levels: 7
2020/11/30-19:04:36.622611 10e9f7e00        Options.min_write_buffer_number_to_merge: 1
2020/11/30-19:04:36.622612 10e9f7e00     Options.max_write_buffer_number_to_maintain: 0
2020/11/30-19:04:36.622612 10e9f7e00     Options.max_write_buffer_size_to_maintain: 0
2020/11/30-19:04:36.622613 10e9f7e00            Options.bottommost_compression_opts.window_bits: -14
2020/11/30-19:04:36.622614 10e9f7e00                  Options.bottommost_compression_opts.level: 32767
2020/11/30-19:04:36.622615 10e9f7e00               Options.bottommost_compression_opts.strategy: 0
2020/11/30-19:04:36.622616 10e9f7e00         Options.bottommost_compression_opts.max_dict_bytes: 0
2020/11/30-19:04:36.622617 10e9f7e00         Options.bottommost_compression_opts.zstd_max_train_bytes: 0
2020/11/30-19:04:36.622618 10e9f7e00         Options.bottommost_compression_opts.parallel_threads: 1
2020/11/30-19:04:36.622619 10e9f7e00                  Options.bottommost_compression_opts.enabled: false
2020/11/30-19:04:36.622620 10e9f7e00            Options.compression_opts.window_bits: -14
2020/11/30-19:04:36.622621 10e9f7e00                  Options.compression_opts.level: 32767
2020/11/30-19:04:36.622622 10e9f7e00               Options.compression_opts.strategy: 0
2020/11/30-19:04:36.622623 10e9f7e00         Options.compression_opts.max_dict_bytes: 0
2020/11/30-19:04:36.622623 10e9f7e00         Options.compression_opts.zstd_max_train_bytes: 0
2020/11/30-19:04:36.622624 10e9f7e00         Options.compression_opts.parallel_threads: 1
2020/11/30-19:04:36.622625 10e9f7e00                  Options.compression_opts.enabled: false
2020/11/30-19:04:36.622626 10e9f7e00      Options.level0_file_num_compaction_trigger: 4
2020/11/30-19:04:36.622641 10e9f7e00          Options.level0_slowdown_writes_trigger: 20
2020/11/30-19:04:36.622642 10e9f7e00              Options.level0_stop_writes_trigger: 36
2020/11/30-19:04:36.622643 10e9f7e00                   Options.target_file_size_base: 67108864
2020/11/30-19:04:36.622644 10e9f7e00             Options.target_file_size_multiplier: 1
2020/11/30-19:04:36.622645 10e9f7e00                Options.max_bytes_for_level_base: 268435456
2020/11/30-19:04:36.622646 10e9f7e00 Options.level_compaction_dynamic_level_bytes: 0
2020/11/30-19:04:36.622647 10e9f7e00          Options.max_bytes_for_level_multiplier: 10.000000
2020/11/30-19:04:36.622648 10e9f7e00 Options.max_bytes_for_level_multiplier_addtl[0]: 1
2020/11/30-19:04:36.622649 10e9f7e00 Options.max_bytes_for_level_multiplier_addtl[1]: 1
2020/11/30-19:04:36.622650 10e9f7e00 Options.max_bytes_for_level_multiplier_addtl[2]: 1
2020/11/30-19:04:36.622651 10e9f7e00 Options.max_bytes_for_level_multiplier_addtl[3]: 1
2020/11/30-19:04:36.622652 10e9f7e00 Options.max_bytes_for_level_multiplier_addtl[4]: 1
2020/11/30-19:04:36.622653 10e9f7e00 Options.max_bytes_for_level_multiplier_addtl[5]: 1
2020/11/30-19:04:36.622654 10e9f7e00 Options.max_bytes_for_level_multiplier_addtl[6]: 1
2020/11/30-19:04:36.622654 10e9f7e00       Options.max_sequential_skip_in_iterations: 8
2020/11/30-19:04:36.622655 10e9f7e00                    Options.max_compaction_bytes: 1677721600
2020/11/30-19:04:36.622656 10e9f7e00                        Options.arena_block_size: 8388608
2020/11/30-19:04:36.622657 10e9f7e00   Options.soft_pending_compaction_bytes_limit: 68719476736
2020/11/30-19:04:36.622658 10e9f7e00   Options.hard_pending_compaction_bytes_limit: 274877906944
2020/11/30-19:04:36.622659 10e9f7e00       Options.rate_limit_delay_max_milliseconds: 100
2020/11/30-19:04:36.622660 10e9f7e00                Options.disable_auto_compactions: 0
2020/11/30-19:04:36.622661 10e9f7e00                        Options.compaction_style: kCompactionStyleLevel
2020/11/30-19:04:36.622662 10e9f7e00                          Options.compaction_pri: kMinOverlappingRatio
2020/11/30-19:04:36.622663 10e9f7e00 Options.compaction_options_universal.size_ratio: 1
2020/11/30-19:04:36.622664 10e9f7e00 Options.compaction_options_universal.min_merge_width: 2
2020/11/30-19:04:36.622665 10e9f7e00 Options.compaction_options_universal.max_merge_width: 4294967295
2020/11/30-19:04:36.622666 10e9f7e00 Options.compaction_options_universal.max_size_amplification_percent: 200
2020/11/30-19:04:36.622666 10e9f7e00 Options.compaction_options_universal.compression_size_percent: -1
2020/11/30-19:04:36.622668 10e9f7e00 Options.compaction_options_universal.stop_style: kCompactionStopStyleTotalSize
2020/11/30-19:04:36.622669 10e9f7e00 Options.compaction_options_fifo.max_table_files_size: 1073741824
2020/11/30-19:04:36.622670 10e9f7e00 Options.compaction_options_fifo.allow_compaction: 0
2020/11/30-19:04:36.622671 10e9f7e00                   Options.table_properties_collectors: 
