2020/11/30-19:03:36.306141 10b097e00 RocksDB version: 6.11.4
2020/11/30-19:03:36.306192 10b097e00 Git sha rocksdb_build_git_sha:@48bfca38f6f175435052a59791922a1a453d9609@
2020/11/30-19:03:36.306194 10b097e00 Compile date Nov 30 2020
2020/11/30-19:03:36.306195 10b097e00 DB SUMMARY
2020/11/30-19:03:36.306440 10b097e00 CURRENT file:  CURRENT
2020/11/30-19:03:36.306442 10b097e00 IDENTITY file:  IDENTITY
2020/11/30-19:03:36.306449 10b097e00 MANIFEST file:  MANIFEST-000532 size: 825 Bytes
2020/11/30-19:03:36.306451 10b097e00 SST files in ./database/alphanet dir, Total Num: 0, files: 
2020/11/30-19:03:36.306452 10b097e00 Write Ahead Log file in ./database/alphanet: 000533.log size: 0 ; 
2020/11/30-19:03:36.306489 10b097e00                         Options.error_if_exists: 0
2020/11/30-19:03:36.306494 10b097e00                       Options.create_if_missing: 1
2020/11/30-19:03:36.306496 10b097e00                         Options.paranoid_checks: 1
2020/11/30-19:03:36.306496 10b097e00                                     Options.env: 0x103d8d4b8
2020/11/30-19:03:36.306498 10b097e00                                      Options.fs: Posix File System
2020/11/30-19:03:36.306499 10b097e00                                Options.info_log: 0x7fd92141c5a0
2020/11/30-19:03:36.306499 10b097e00                Options.max_file_opening_threads: 16
2020/11/30-19:03:36.306500 10b097e00                              Options.statistics: 0x7fd92141b3f8
2020/11/30-19:03:36.306501 10b097e00                               Options.use_fsync: 0
2020/11/30-19:03:36.306502 10b097e00                       Options.max_log_file_size: 0
2020/11/30-19:03:36.306503 10b097e00                  Options.max_manifest_file_size: 1073741824
2020/11/30-19:03:36.306504 10b097e00                   Options.log_file_time_to_roll: 0
2020/11/30-19:03:36.306504 10b097e00                       Options.keep_log_file_num: 1000
2020/11/30-19:03:36.306505 10b097e00                    Options.recycle_log_file_num: 0
2020/11/30-19:03:36.306506 10b097e00                         Options.allow_fallocate: 1
2020/11/30-19:03:36.306507 10b097e00                        Options.allow_mmap_reads: 0
2020/11/30-19:03:36.306508 10b097e00                       Options.allow_mmap_writes: 0
2020/11/30-19:03:36.306508 10b097e00                        Options.use_direct_reads: 0
2020/11/30-19:03:36.306509 10b097e00                        Options.use_direct_io_for_flush_and_compaction: 0
2020/11/30-19:03:36.306510 10b097e00          Options.create_missing_column_families: 1
2020/11/30-19:03:36.306511 10b097e00                              Options.db_log_dir: 
2020/11/30-19:03:36.306512 10b097e00                                 Options.wal_dir: ./database/alphanet
2020/11/30-19:03:36.306512 10b097e00                Options.table_cache_numshardbits: 6
2020/11/30-19:03:36.306513 10b097e00                      Options.max_subcompactions: 1
2020/11/30-19:03:36.306514 10b097e00                         Options.WAL_ttl_seconds: 0
2020/11/30-19:03:36.306515 10b097e00                       Options.WAL_size_limit_MB: 0
2020/11/30-19:03:36.306515 10b097e00                        Options.max_write_batch_group_size_bytes: 1048576
2020/11/30-19:03:36.306516 10b097e00             Options.manifest_preallocation_size: 4194304
2020/11/30-19:03:36.306517 10b097e00                     Options.is_fd_close_on_exec: 1
2020/11/30-19:03:36.306518 10b097e00                   Options.advise_random_on_open: 1
2020/11/30-19:03:36.306519 10b097e00                    Options.db_write_buffer_size: 0
2020/11/30-19:03:36.306519 10b097e00                    Options.write_buffer_manager: 0x7fd92141c510
2020/11/30-19:03:36.306520 10b097e00         Options.access_hint_on_compaction_start: 1
2020/11/30-19:03:36.306521 10b097e00  Options.new_table_reader_for_compaction_inputs: 0
2020/11/30-19:03:36.306522 10b097e00           Options.random_access_max_buffer_size: 1048576
2020/11/30-19:03:36.306523 10b097e00                      Options.use_adaptive_mutex: 0
2020/11/30-19:03:36.306523 10b097e00                            Options.rate_limiter: 0x0
2020/11/30-19:03:36.306524 10b097e00     Options.sst_file_manager.rate_bytes_per_sec: 0
2020/11/30-19:03:36.306555 10b097e00                       Options.wal_recovery_mode: 2
2020/11/30-19:03:36.306556 10b097e00                  Options.enable_thread_tracking: 0
2020/11/30-19:03:36.306557 10b097e00                  Options.enable_pipelined_write: 0
2020/11/30-19:03:36.306562 10b097e00                  Options.unordered_write: 0
2020/11/30-19:03:36.306563 10b097e00         Options.allow_concurrent_memtable_write: 1
2020/11/30-19:03:36.306563 10b097e00      Options.enable_write_thread_adaptive_yield: 1
2020/11/30-19:03:36.306564 10b097e00             Options.write_thread_max_yield_usec: 100
2020/11/30-19:03:36.306565 10b097e00            Options.write_thread_slow_yield_usec: 3
2020/11/30-19:03:36.306566 10b097e00                               Options.row_cache: None
2020/11/30-19:03:36.306567 10b097e00                              Options.wal_filter: None
2020/11/30-19:03:36.306568 10b097e00             Options.avoid_flush_during_recovery: 0
2020/11/30-19:03:36.306568 10b097e00             Options.allow_ingest_behind: 0
2020/11/30-19:03:36.306569 10b097e00             Options.preserve_deletes: 0
2020/11/30-19:03:36.306570 10b097e00             Options.two_write_queues: 0
2020/11/30-19:03:36.306571 10b097e00             Options.manual_wal_flush: 0
2020/11/30-19:03:36.306571 10b097e00             Options.atomic_flush: 1
2020/11/30-19:03:36.306572 10b097e00             Options.avoid_unnecessary_blocking_io: 0
2020/11/30-19:03:36.306573 10b097e00                 Options.persist_stats_to_disk: 0
2020/11/30-19:03:36.306574 10b097e00                 Options.write_dbid_to_manifest: 0
2020/11/30-19:03:36.306574 10b097e00                 Options.log_readahead_size: 0
2020/11/30-19:03:36.306575 10b097e00                 Options.file_checksum_gen_factory: Unknown
2020/11/30-19:03:36.306578 10b097e00                 Options.best_efforts_recovery: 0
2020/11/30-19:03:36.306578 10b097e00             Options.max_background_jobs: 12
2020/11/30-19:03:36.306579 10b097e00             Options.max_background_compactions: -1
2020/11/30-19:03:36.306580 10b097e00             Options.avoid_flush_during_shutdown: 0
2020/11/30-19:03:36.306581 10b097e00           Options.writable_file_max_buffer_size: 1048576
2020/11/30-19:03:36.306582 10b097e00             Options.delayed_write_rate : 16777216
2020/11/30-19:03:36.306582 10b097e00             Options.max_total_wal_size: 0
2020/11/30-19:03:36.306583 10b097e00             Options.delete_obsolete_files_period_micros: 21600000000
2020/11/30-19:03:36.306584 10b097e00                   Options.stats_dump_period_sec: 600
2020/11/30-19:03:36.306585 10b097e00                 Options.stats_persist_period_sec: 600
2020/11/30-19:03:36.306586 10b097e00                 Options.stats_history_buffer_size: 1048576
2020/11/30-19:03:36.306587 10b097e00                          Options.max_open_files: -1
2020/11/30-19:03:36.306588 10b097e00                          Options.bytes_per_sync: 0
2020/11/30-19:03:36.306588 10b097e00                      Options.wal_bytes_per_sync: 0
2020/11/30-19:03:36.306589 10b097e00                   Options.strict_bytes_per_sync: 0
2020/11/30-19:03:36.306590 10b097e00       Options.compaction_readahead_size: 0
2020/11/30-19:03:36.306591 10b097e00                  Options.max_background_flushes: -1
2020/11/30-19:03:36.306592 10b097e00 Compression algorithms supported:
2020/11/30-19:03:36.306593 10b097e00 	kZSTD supported: 0
2020/11/30-19:03:36.306594 10b097e00 	kZlibCompression supported: 0
2020/11/30-19:03:36.306594 10b097e00 	kXpressCompression supported: 0
2020/11/30-19:03:36.306595 10b097e00 	kSnappyCompression supported: 0
2020/11/30-19:03:36.306596 10b097e00 	kZSTDNotFinalCompression supported: 0
2020/11/30-19:03:36.306597 10b097e00 	kLZ4HCCompression supported: 0
2020/11/30-19:03:36.306598 10b097e00 	kLZ4Compression supported: 0
2020/11/30-19:03:36.306598 10b097e00 	kBZip2Compression supported: 0
2020/11/30-19:03:36.306602 10b097e00 Fast CRC32 supported: Supported on x86
2020/11/30-19:03:36.306751 10b097e00 [db/version_set.cc:4555] Recovering from manifest file: ./database/alphanet/MANIFEST-000532
2020/11/30-19:03:36.306826 10b097e00 [db/column_family.cc:579] --------------- Options for column family [default]:
2020/11/30-19:03:36.306828 10b097e00               Options.comparator: leveldb.BytewiseComparator
2020/11/30-19:03:36.306829 10b097e00           Options.merge_operator: None
2020/11/30-19:03:36.306830 10b097e00        Options.compaction_filter: None
2020/11/30-19:03:36.306831 10b097e00        Options.compaction_filter_factory: None
2020/11/30-19:03:36.306832 10b097e00         Options.memtable_factory: SkipListFactory
2020/11/30-19:03:36.306832 10b097e00            Options.table_factory: BlockBasedTable
2020/11/30-19:03:36.306873 10b097e00            table_factory options:   flush_block_policy_factory: FlushBlockBySizePolicyFactory (0x7fd92141ac70)
  cache_index_and_filter_blocks: 0
  cache_index_and_filter_blocks_with_high_priority: 1
  pin_l0_filter_and_index_blocks_in_cache: 0
  pin_top_level_index_and_filter: 1
  index_type: 0
  data_block_index_type: 0
  index_shortening: 1
  data_block_hash_table_util_ratio: 0.750000
  hash_index_allow_collision: 1
  checksum: 1
  no_block_cache: 0
  block_cache: 0x7fd92141acb8
  block_cache_name: LRUCache
  block_cache_options:
    capacity : 8388608
    num_shard_bits : 4
    strict_capacity_limit : 0
    memory_allocator : None
    high_pri_pool_ratio: 0.000
  block_cache_compressed: 0x0
  persistent_cache: 0x0
  block_size: 4096
  block_size_deviation: 10
  block_restart_interval: 16
  index_block_restart_interval: 1
  metadata_block_size: 4096
  partition_filters: 0
  use_delta_encoding: 1
  filter_policy: nullptr
  whole_key_filtering: 1
  verify_compression: 0
  read_amp_bytes_per_bit: 0
  format_version: 4
  enable_index_compression: 1
  block_align: 0
2020/11/30-19:03:36.306878 10b097e00        Options.write_buffer_size: 67108864
2020/11/30-19:03:36.306879 10b097e00  Options.max_write_buffer_number: 2
2020/11/30-19:03:36.306880 10b097e00          Options.compression: NoCompression
2020/11/30-19:03:36.306881 10b097e00                  Options.bottommost_compression: Disabled
2020/11/30-19:03:36.306882 10b097e00       Options.prefix_extractor: nullptr
2020/11/30-19:03:36.306883 10b097e00   Options.memtable_insert_with_hint_prefix_extractor: nullptr
2020/11/30-19:03:36.306884 10b097e00             Options.num_levels: 7
2020/11/30-19:03:36.306885 10b097e00        Options.min_write_buffer_number_to_merge: 1
2020/11/30-19:03:36.306885 10b097e00     Options.max_write_buffer_number_to_maintain: 0
2020/11/30-19:03:36.306886 10b097e00     Options.max_write_buffer_size_to_maintain: 0
2020/11/30-19:03:36.306887 10b097e00            Options.bottommost_compression_opts.window_bits: -14
2020/11/30-19:03:36.306888 10b097e00                  Options.bottommost_compression_opts.level: 32767
2020/11/30-19:03:36.306889 10b097e00               Options.bottommost_compression_opts.strategy: 0
2020/11/30-19:03:36.306889 10b097e00         Options.bottommost_compression_opts.max_dict_bytes: 0
2020/11/30-19:03:36.306890 10b097e00         Options.bottommost_compression_opts.zstd_max_train_bytes: 0
2020/11/30-19:03:36.306891 10b097e00         Options.bottommost_compression_opts.parallel_threads: 1
2020/11/30-19:03:36.306892 10b097e00                  Options.bottommost_compression_opts.enabled: false
2020/11/30-19:03:36.306893 10b097e00            Options.compression_opts.window_bits: -14
2020/11/30-19:03:36.306894 10b097e00                  Options.compression_opts.level: 32767
2020/11/30-19:03:36.306894 10b097e00               Options.compression_opts.strategy: 0
2020/11/30-19:03:36.306895 10b097e00         Options.compression_opts.max_dict_bytes: 0
2020/11/30-19:03:36.306896 10b097e00         Options.compression_opts.zstd_max_train_bytes: 0
2020/11/30-19:03:36.306897 10b097e00         Options.compression_opts.parallel_threads: 1
2020/11/30-19:03:36.306897 10b097e00                  Options.compression_opts.enabled: false
2020/11/30-19:03:36.306898 10b097e00      Options.level0_file_num_compaction_trigger: 4
2020/11/30-19:03:36.306899 10b097e00          Options.level0_slowdown_writes_trigger: 20
2020/11/30-19:03:36.306915 10b097e00              Options.level0_stop_writes_trigger: 36
2020/11/30-19:03:36.306916 10b097e00                   Options.target_file_size_base: 67108864
2020/11/30-19:03:36.306917 10b097e00             Options.target_file_size_multiplier: 1
2020/11/30-19:03:36.306918 10b097e00                Options.max_bytes_for_level_base: 268435456
2020/11/30-19:03:36.306919 10b097e00 Options.level_compaction_dynamic_level_bytes: 0
2020/11/30-19:03:36.306920 10b097e00          Options.max_bytes_for_level_multiplier: 10.000000
2020/11/30-19:03:36.306921 10b097e00 Options.max_bytes_for_level_multiplier_addtl[0]: 1
2020/11/30-19:03:36.306922 10b097e00 Options.max_bytes_for_level_multiplier_addtl[1]: 1
2020/11/30-19:03:36.306923 10b097e00 Options.max_bytes_for_level_multiplier_addtl[2]: 1
2020/11/30-19:03:36.306923 10b097e00 Options.max_bytes_for_level_multiplier_addtl[3]: 1
2020/11/30-19:03:36.306924 10b097e00 Options.max_bytes_for_level_multiplier_addtl[4]: 1
2020/11/30-19:03:36.306925 10b097e00 Options.max_bytes_for_level_multiplier_addtl[5]: 1
2020/11/30-19:03:36.306926 10b097e00 Options.max_bytes_for_level_multiplier_addtl[6]: 1
2020/11/30-19:03:36.306927 10b097e00       Options.max_sequential_skip_in_iterations: 8
2020/11/30-19:03:36.306927 10b097e00                    Options.max_compaction_bytes: 1677721600
2020/11/30-19:03:36.306928 10b097e00                        Options.arena_block_size: 8388608
2020/11/30-19:03:36.306929 10b097e00   Options.soft_pending_compaction_bytes_limit: 68719476736
2020/11/30-19:03:36.306930 10b097e00   Options.hard_pending_compaction_bytes_limit: 274877906944
2020/11/30-19:03:36.306931 10b097e00       Options.rate_limit_delay_max_milliseconds: 100
2020/11/30-19:03:36.306932 10b097e00                Options.disable_auto_compactions: 0
2020/11/30-19:03:36.306933 10b097e00                        Options.compaction_style: kCompactionStyleLevel
2020/11/30-19:03:36.306934 10b097e00                          Options.compaction_pri: kMinOverlappingRatio
2020/11/30-19:03:36.306934 10b097e00 Options.compaction_options_universal.size_ratio: 1
2020/11/30-19:03:36.306935 10b097e00 Options.compaction_options_universal.min_merge_width: 2
2020/11/30-19:03:36.306936 10b097e00 Options.compaction_options_universal.max_merge_width: 4294967295
2020/11/30-19:03:36.306937 10b097e00 Options.compaction_options_universal.max_size_amplification_percent: 200
2020/11/30-19:03:36.306938 10b097e00 Options.compaction_options_universal.compression_size_percent: -1
2020/11/30-19:03:36.306939 10b097e00 Options.compaction_options_universal.stop_style: kCompactionStopStyleTotalSize
2020/11/30-19:03:36.306940 10b097e00 Options.compaction_options_fifo.max_table_files_size: 1073741824
2020/11/30-19:03:36.306940 10b097e00 Options.compaction_options_fifo.allow_compaction: 0
2020/11/30-19:03:36.306945 10b097e00                   Options.table_properties_collectors: 
2020/11/30-19:03:36.306946 10b097e00                   Options.inplace_update_support: 0
2020/11/30-19:03:36.306947 10b097e00                 Options.inplace_update_num_locks: 10000
2020/11/30-19:03:36.306947 10b097e00               Options.memtable_prefix_bloom_size_ratio: 0.000000
2020/11/30-19:03:36.306948 10b097e00               Options.memtable_whole_key_filtering: 0
2020/11/30-19:03:36.306949 10b097e00   Options.memtable_huge_page_size: 0
2020/11/30-19:03:36.306950 10b097e00                           Options.bloom_locality: 0
2020/11/30-19:03:36.306951 10b097e00                    Options.max_successive_merges: 0
2020/11/30-19:03:36.306951 10b097e00                Options.optimize_filters_for_hits: 0
2020/11/30-19:03:36.306952 10b097e00                Options.paranoid_file_checks: 0
2020/11/30-19:03:36.306953 10b097e00                Options.force_consistency_checks: 0
2020/11/30-19:03:36.306954 10b097e00                Options.report_bg_io_stats: 0
2020/11/30-19:03:36.306954 10b097e00                               Options.ttl: 2592000
2020/11/30-19:03:36.306955 10b097e00          Options.periodic_compaction_seconds: 0
2020/11/30-19:03:36.307047 10b097e00 [db/column_family.cc:579] --------------- Options for column family [message_id_to_message]:
2020/11/30-19:03:36.307049 10b097e00               Options.comparator: leveldb.BytewiseComparator
2020/11/30-19:03:36.307050 10b097e00           Options.merge_operator: None
2020/11/30-19:03:36.307051 10b097e00        Options.compaction_filter: None
2020/11/30-19:03:36.307051 10b097e00        Options.compaction_filter_factory: None
2020/11/30-19:03:36.307052 10b097e00         Options.memtable_factory: SkipListFactory
2020/11/30-19:03:36.307053 10b097e00            Options.table_factory: BlockBasedTable
2020/11/30-19:03:36.307065 10b097e00            table_factory options:   flush_block_policy_factory: FlushBlockBySizePolicyFactory (0x7fd921414e40)
  cache_index_and_filter_blocks: 0
  cache_index_and_filter_blocks_with_high_priority: 1
  pin_l0_filter_and_index_blocks_in_cache: 0
  pin_top_level_index_and_filter: 1
  index_type: 0
  data_block_index_type: 0
  index_shortening: 1
  data_block_hash_table_util_ratio: 0.750000
  hash_index_allow_collision: 1
  checksum: 1
  no_block_cache: 0
  block_cache: 0x7fd921414e88
  block_cache_name: LRUCache
  block_cache_options:
    capacity : 8388608
    num_shard_bits : 4
    strict_capacity_limit : 0
    memory_allocator : None
    high_pri_pool_ratio: 0.000
  block_cache_compressed: 0x0
  persistent_cache: 0x0
  block_size: 4096
  block_size_deviation: 10
  block_restart_interval: 16
  index_block_restart_interval: 1
  metadata_block_size: 4096
  partition_filters: 0
  use_delta_encoding: 1
  filter_policy: nullptr
  whole_key_filtering: 1
  verify_compression: 0
  read_amp_bytes_per_bit: 0
  format_version: 4
  enable_index_compression: 1
  block_align: 0
2020/11/30-19:03:36.307066 10b097e00        Options.write_buffer_size: 67108864
2020/11/30-19:03:36.307067 10b097e00  Options.max_write_buffer_number: 2
2020/11/30-19:03:36.307068 10b097e00          Options.compression: NoCompression
2020/11/30-19:03:36.307069 10b097e00                  Options.bottommost_compression: Disabled
2020/11/30-19:03:36.307070 10b097e00       Options.prefix_extractor: nullptr
2020/11/30-19:03:36.307070 10b097e00   Options.memtable_insert_with_hint_prefix_extractor: nullptr
2020/11/30-19:03:36.307071 10b097e00             Options.num_levels: 7
2020/11/30-19:03:36.307072 10b097e00        Options.min_write_buffer_number_to_merge: 1
2020/11/30-19:03:36.307073 10b097e00     Options.max_write_buffer_number_to_maintain: 0
2020/11/30-19:03:36.307073 10b097e00     Options.max_write_buffer_size_to_maintain: 0
2020/11/30-19:03:36.307074 10b097e00            Options.bottommost_compression_opts.window_bits: -14
2020/11/30-19:03:36.307075 10b097e00                  Options.bottommost_compression_opts.level: 32767
2020/11/30-19:03:36.307076 10b097e00               Options.bottommost_compression_opts.strategy: 0
2020/11/30-19:03:36.307077 10b097e00         Options.bottommost_compression_opts.max_dict_bytes: 0
2020/11/30-19:03:36.307078 10b097e00         Options.bottommost_compression_opts.zstd_max_train_bytes: 0
2020/11/30-19:03:36.307078 10b097e00         Options.bottommost_compression_opts.parallel_threads: 1
2020/11/30-19:03:36.307079 10b097e00                  Options.bottommost_compression_opts.enabled: false
2020/11/30-19:03:36.307080 10b097e00            Options.compression_opts.window_bits: -14
2020/11/30-19:03:36.307081 10b097e00                  Options.compression_opts.level: 32767
2020/11/30-19:03:36.307082 10b097e00               Options.compression_opts.strategy: 0
2020/11/30-19:03:36.307082 10b097e00         Options.compression_opts.max_dict_bytes: 0
2020/11/30-19:03:36.307083 10b097e00         Options.compression_opts.zstd_max_train_bytes: 0
2020/11/30-19:03:36.307084 10b097e00         Options.compression_opts.parallel_threads: 1
2020/11/30-19:03:36.307085 10b097e00                  Options.compression_opts.enabled: false
2020/11/30-19:03:36.307085 10b097e00      Options.level0_file_num_compaction_trigger: 4
2020/11/30-19:03:36.307086 10b097e00          Options.level0_slowdown_writes_trigger: 20
2020/11/30-19:03:36.307101 10b097e00              Options.level0_stop_writes_trigger: 36
2020/11/30-19:03:36.307102 10b097e00                   Options.target_file_size_base: 67108864
2020/11/30-19:03:36.307103 10b097e00             Options.target_file_size_multiplier: 1
2020/11/30-19:03:36.307104 10b097e00                Options.max_bytes_for_level_base: 268435456
2020/11/30-19:03:36.307105 10b097e00 Options.level_compaction_dynamic_level_bytes: 0
2020/11/30-19:03:36.307106 10b097e00          Options.max_bytes_for_level_multiplier: 10.000000
2020/11/30-19:03:36.307107 10b097e00 Options.max_bytes_for_level_multiplier_addtl[0]: 1
2020/11/30-19:03:36.307108 10b097e00 Options.max_bytes_for_level_multiplier_addtl[1]: 1
2020/11/30-19:03:36.307108 10b097e00 Options.max_bytes_for_level_multiplier_addtl[2]: 1
2020/11/30-19:03:36.307109 10b097e00 Options.max_bytes_for_level_multiplier_addtl[3]: 1
2020/11/30-19:03:36.307110 10b097e00 Options.max_bytes_for_level_multiplier_addtl[4]: 1
2020/11/30-19:03:36.307111 10b097e00 Options.max_bytes_for_level_multiplier_addtl[5]: 1
2020/11/30-19:03:36.307112 10b097e00 Options.max_bytes_for_level_multiplier_addtl[6]: 1
2020/11/30-19:03:36.307112 10b097e00       Options.max_sequential_skip_in_iterations: 8
2020/11/30-19:03:36.307113 10b097e00                    Options.max_compaction_bytes: 1677721600
2020/11/30-19:03:36.307114 10b097e00                        Options.arena_block_size: 8388608
2020/11/30-19:03:36.307115 10b097e00   Options.soft_pending_compaction_bytes_limit: 68719476736
2020/11/30-19:03:36.307116 10b097e00   Options.hard_pending_compaction_bytes_limit: 274877906944
2020/11/30-19:03:36.307116 10b097e00       Options.rate_limit_delay_max_milliseconds: 100
2020/11/30-19:03:36.307117 10b097e00                Options.disable_auto_compactions: 0
2020/11/30-19:03:36.307118 10b097e00                        Options.compaction_style: kCompactionStyleLevel
2020/11/30-19:03:36.307119 10b097e00                          Options.compaction_pri: kMinOverlappingRatio
2020/11/30-19:03:36.307120 10b097e00 Options.compaction_options_universal.size_ratio: 1
2020/11/30-19:03:36.307120 10b097e00 Options.compaction_options_universal.min_merge_width: 2
2020/11/30-19:03:36.307121 10b097e00 Options.compaction_options_universal.max_merge_width: 4294967295
2020/11/30-19:03:36.307122 10b097e00 Options.compaction_options_universal.max_size_amplification_percent: 200
2020/11/30-19:03:36.307123 10b097e00 Options.compaction_options_universal.compression_size_percent: -1
2020/11/30-19:03:36.307124 10b097e00 Options.compaction_options_universal.stop_style: kCompactionStopStyleTotalSize
2020/11/30-19:03:36.307125 10b097e00 Options.compaction_options_fifo.max_table_files_size: 1073741824
2020/11/30-19:03:36.307126 10b097e00 Options.compaction_options_fifo.allow_compaction: 0
2020/11/30-19:03:36.307127 10b097e00                   Options.table_properties_collectors: 
2020/11/30-19:03:36.307127 10b097e00                   Options.inplace_update_support: 0
2020/11/30-19:03:36.307128 10b097e00                 Options.inplace_update_num_locks: 10000
2020/11/30-19:03:36.307129 10b097e00               Options.memtable_prefix_bloom_size_ratio: 0.000000
2020/11/30-19:03:36.307130 10b097e00               Options.memtable_whole_key_filtering: 0
2020/11/30-19:03:36.307131 10b097e00   Options.memtable_huge_page_size: 0
2020/11/30-19:03:36.307131 10b097e00                           Options.bloom_locality: 0
2020/11/30-19:03:36.307132 10b097e00                    Options.max_successive_merges: 0
2020/11/30-19:03:36.307133 10b097e00                Options.optimize_filters_for_hits: 0
2020/11/30-19:03:36.307134 10b097e00                Options.paranoid_file_checks: 0
2020/11/30-19:03:36.307134 10b097e00                Options.force_consistency_checks: 0
2020/11/30-19:03:36.307135 10b097e00                Options.report_bg_io_stats: 0
2020/11/30-19:03:36.307136 10b097e00                               Options.ttl: 2592000
2020/11/30-19:03:36.307137 10b097e00          Options.periodic_compaction_seconds: 0
2020/11/30-19:03:36.307175 10b097e00 [db/column_family.cc:579] --------------- Options for column family [message_id_to_message_id]:
2020/11/30-19:03:36.307177 10b097e00               Options.comparator: leveldb.BytewiseComparator
2020/11/30-19:03:36.307178 10b097e00           Options.merge_operator: None
2020/11/30-19:03:36.307179 10b097e00        Options.compaction_filter: None
2020/11/30-19:03:36.307179 10b097e00        Options.compaction_filter_factory: None
2020/11/30-19:03:36.307180 10b097e00         Options.memtable_factory: SkipListFactory
2020/11/30-19:03:36.307181 10b097e00            Options.table_factory: BlockBasedTable
2020/11/30-19:03:36.307192 10b097e00            table_factory options:   flush_block_policy_factory: FlushBlockBySizePolicyFactory (0x7fd921416570)
  cache_index_and_filter_blocks: 0
  cache_index_and_filter_blocks_with_high_priority: 1
  pin_l0_filter_and_index_blocks_in_cache: 0
  pin_top_level_index_and_filter: 1
  index_type: 0
  data_block_index_type: 0
  index_shortening: 1
  data_block_hash_table_util_ratio: 0.750000
  hash_index_allow_collision: 1
  checksum: 1
  no_block_cache: 0
  block_cache: 0x7fd9214165b8
  block_cache_name: LRUCache
  block_cache_options:
    capacity : 8388608
    num_shard_bits : 4
    strict_capacity_limit : 0
    memory_allocator : None
    high_pri_pool_ratio: 0.000
  block_cache_compressed: 0x0
  persistent_cache: 0x0
  block_size: 4096
  block_size_deviation: 10
  block_restart_interval: 16
  index_block_restart_interval: 1
  metadata_block_size: 4096
  partition_filters: 0
  use_delta_encoding: 1
  filter_policy: nullptr
  whole_key_filtering: 1
  verify_compression: 0
  read_amp_bytes_per_bit: 0
  format_version: 4
  enable_index_compression: 1
  block_align: 0
2020/11/30-19:03:36.307193 10b097e00        Options.write_buffer_size: 67108864
2020/11/30-19:03:36.307194 10b097e00  Options.max_write_buffer_number: 2
2020/11/30-19:03:36.307195 10b097e00          Options.compression: NoCompression
2020/11/30-19:03:36.307196 10b097e00                  Options.bottommost_compression: Disabled
2020/11/30-19:03:36.307197 10b097e00       Options.prefix_extractor: rocksdb.FixedPrefix.32
2020/11/30-19:03:36.307197 10b097e00   Options.memtable_insert_with_hint_prefix_extractor: nullptr
2020/11/30-19:03:36.307198 10b097e00             Options.num_levels: 7
2020/11/30-19:03:36.307199 10b097e00        Options.min_write_buffer_number_to_merge: 1
2020/11/30-19:03:36.307200 10b097e00     Options.max_write_buffer_number_to_maintain: 0
2020/11/30-19:03:36.307200 10b097e00     Options.max_write_buffer_size_to_maintain: 0
2020/11/30-19:03:36.307201 10b097e00            Options.bottommost_compression_opts.window_bits: -14
2020/11/30-19:03:36.307202 10b097e00                  Options.bottommost_compression_opts.level: 32767
2020/11/30-19:03:36.307203 10b097e00               Options.bottommost_compression_opts.strategy: 0
2020/11/30-19:03:36.307204 10b097e00         Options.bottommost_compression_opts.max_dict_bytes: 0
2020/11/30-19:03:36.307204 10b097e00         Options.bottommost_compression_opts.zstd_max_train_bytes: 0
2020/11/30-19:03:36.307205 10b097e00         Options.bottommost_compression_opts.parallel_threads: 1
2020/11/30-19:03:36.307206 10b097e00                  Options.bottommost_compression_opts.enabled: false
2020/11/30-19:03:36.307207 10b097e00            Options.compression_opts.window_bits: -14
2020/11/30-19:03:36.307208 10b097e00                  Options.compression_opts.level: 32767
2020/11/30-19:03:36.307208 10b097e00               Options.compression_opts.strategy: 0
2020/11/30-19:03:36.307209 10b097e00         Options.compression_opts.max_dict_bytes: 0
2020/11/30-19:03:36.307210 10b097e00         Options.compression_opts.zstd_max_train_bytes: 0
2020/11/30-19:03:36.307211 10b097e00         Options.compression_opts.parallel_threads: 1
2020/11/30-19:03:36.307212 10b097e00                  Options.compression_opts.enabled: false
2020/11/30-19:03:36.307212 10b097e00      Options.level0_file_num_compaction_trigger: 4
2020/11/30-19:03:36.307213 10b097e00          Options.level0_slowdown_writes_trigger: 20
2020/11/30-19:03:36.307227 10b097e00              Options.level0_stop_writes_trigger: 36
2020/11/30-19:03:36.307228 10b097e00                   Options.target_file_size_base: 67108864
2020/11/30-19:03:36.307229 10b097e00             Options.target_file_size_multiplier: 1
2020/11/30-19:03:36.307230 10b097e00                Options.max_bytes_for_level_base: 268435456
2020/11/30-19:03:36.307231 10b097e00 Options.level_compaction_dynamic_level_bytes: 0
2020/11/30-19:03:36.307231 10b097e00          Options.max_bytes_for_level_multiplier: 10.000000
2020/11/30-19:03:36.307232 10b097e00 Options.max_bytes_for_level_multiplier_addtl[0]: 1
2020/11/30-19:03:36.307233 10b097e00 Options.max_bytes_for_level_multiplier_addtl[1]: 1
2020/11/30-19:03:36.307234 10b097e00 Options.max_bytes_for_level_multiplier_addtl[2]: 1
2020/11/30-19:03:36.307235 10b097e00 Options.max_bytes_for_level_multiplier_addtl[3]: 1
2020/11/30-19:03:36.307236 10b097e00 Options.max_bytes_for_level_multiplier_addtl[4]: 1
2020/11/30-19:03:36.307236 10b097e00 Options.max_bytes_for_level_multiplier_addtl[5]: 1
2020/11/30-19:03:36.307237 10b097e00 Options.max_bytes_for_level_multiplier_addtl[6]: 1
2020/11/30-19:03:36.307238 10b097e00       Options.max_sequential_skip_in_iterations: 8
2020/11/30-19:03:36.307239 10b097e00                    Options.max_compaction_bytes: 1677721600
2020/11/30-19:03:36.307240 10b097e00                        Options.arena_block_size: 8388608
2020/11/30-19:03:36.307240 10b097e00   Options.soft_pending_compaction_bytes_limit: 68719476736
2020/11/30-19:03:36.307241 10b097e00   Options.hard_pending_compaction_bytes_limit: 274877906944
2020/11/30-19:03:36.307242 10b097e00       Options.rate_limit_delay_max_milliseconds: 100
2020/11/30-19:03:36.307243 10b097e00                Options.disable_auto_compactions: 0
2020/11/30-19:03:36.307244 10b097e00                        Options.compaction_style: kCompactionStyleLevel
2020/11/30-19:03:36.307244 10b097e00                          Options.compaction_pri: kMinOverlappingRatio
2020/11/30-19:03:36.307245 10b097e00 Options.compaction_options_universal.size_ratio: 1
2020/11/30-19:03:36.307246 10b097e00 Options.compaction_options_universal.min_merge_width: 2
2020/11/30-19:03:36.307247 10b097e00 Options.compaction_options_universal.max_merge_width: 4294967295
2020/11/30-19:03:36.307248 10b097e00 Options.compaction_options_universal.max_size_amplification_percent: 200
2020/11/30-19:03:36.307248 10b097e00 Options.compaction_options_universal.compression_size_percent: -1
2020/11/30-19:03:36.307250 10b097e00 Options.compaction_options_universal.stop_style: kCompactionStopStyleTotalSize
2020/11/30-19:03:36.307250 10b097e00 Options.compaction_options_fifo.max_table_files_size: 1073741824
2020/11/30-19:03:36.307251 10b097e00 Options.compaction_options_fifo.allow_compaction: 0
2020/11/30-19:03:36.307252 10b097e00                   Options.table_properties_collectors: 
2020/11/30-19:03:36.307253 10b097e00                   Options.inplace_update_support: 0
2020/11/30-19:03:36.307254 10b097e00                 Options.inplace_update_num_locks: 10000
2020/11/30-19:03:36.307255 10b097e00               Options.memtable_prefix_bloom_size_ratio: 0.000000
2020/11/30-19:03:36.307273 10b097e00               Options.memtable_whole_key_filtering: 0
2020/11/30-19:03:36.307274 10b097e00   Options.memtable_huge_page_size: 0
2020/11/30-19:03:36.307274 10b097e00                           Options.bloom_locality: 0
2020/11/30-19:03:36.307275 10b097e00                    Options.max_successive_merges: 0
2020/11/30-19:03:36.307276 10b097e00                Options.optimize_filters_for_hits: 0
2020/11/30-19:03:36.307277 10b097e00                Options.paranoid_file_checks: 0
2020/11/30-19:03:36.307278 10b097e00                Options.force_consistency_checks: 0
2020/11/30-19:03:36.307278 10b097e00                Options.report_bg_io_stats: 0
2020/11/30-19:03:36.307279 10b097e00                               Options.ttl: 2592000
2020/11/30-19:03:36.307280 10b097e00          Options.periodic_compaction_seconds: 0
2020/11/30-19:03:36.307323 10b097e00 [db/column_family.cc:579] --------------- Options for column family [index_to_message_id]:
2020/11/30-19:03:36.307325 10b097e00               Options.comparator: leveldb.BytewiseComparator
2020/11/30-19:03:36.307326 10b097e00           Options.merge_operator: None
2020/11/30-19:03:36.307327 10b097e00        Options.compaction_filter: None
2020/11/30-19:03:36.307327 10b097e00        Options.compaction_filter_factory: None
2020/11/30-19:03:36.307328 10b097e00         Options.memtable_factory: SkipListFactory
2020/11/30-19:03:36.307329 10b097e00            Options.table_factory: BlockBasedTable
2020/11/30-19:03:36.307340 10b097e00            table_factory options:   flush_block_policy_factory: FlushBlockBySizePolicyFactory (0x7fd921417160)
  cache_index_and_filter_blocks: 0
  cache_index_and_filter_blocks_with_high_priority: 1
  pin_l0_filter_and_index_blocks_in_cache: 0
  pin_top_level_index_and_filter: 1
  index_type: 0
  data_block_index_type: 0
  index_shortening: 1
  data_block_hash_table_util_ratio: 0.750000
  hash_index_allow_collision: 1
  checksum: 1
  no_block_cache: 0
  block_cache: 0x7fd9214171a8
  block_cache_name: LRUCache
  block_cache_options:
    capacity : 8388608
    num_shard_bits : 4
    strict_capacity_limit : 0
    memory_allocator : None
    high_pri_pool_ratio: 0.000
  block_cache_compressed: 0x0
  persistent_cache: 0x0
  block_size: 4096
  block_size_deviation: 10
  block_restart_interval: 16
  index_block_restart_interval: 1
  metadata_block_size: 4096
  partition_filters: 0
  use_delta_encoding: 1
  filter_policy: nullptr
  whole_key_filtering: 1
  verify_compression: 0
  read_amp_bytes_per_bit: 0
  format_version: 4
  enable_index_compression: 1
  block_align: 0
2020/11/30-19:03:36.307341 10b097e00        Options.write_buffer_size: 67108864
2020/11/30-19:03:36.307342 10b097e00  Options.max_write_buffer_number: 2
2020/11/30-19:03:36.307343 10b097e00          Options.compression: NoCompression
2020/11/30-19:03:36.307343 10b097e00                  Options.bottommost_compression: Disabled
2020/11/30-19:03:36.307344 10b097e00       Options.prefix_extractor: rocksdb.FixedPrefix.32
2020/11/30-19:03:36.307345 10b097e00   Options.memtable_insert_with_hint_prefix_extractor: nullptr
2020/11/30-19:03:36.307346 10b097e00             Options.num_levels: 7
2020/11/30-19:03:36.307347 10b097e00        Options.min_write_buffer_number_to_merge: 1
2020/11/30-19:03:36.307348 10b097e00     Options.max_write_buffer_number_to_maintain: 0
2020/11/30-19:03:36.307348 10b097e00     Options.max_write_buffer_size_to_maintain: 0
2020/11/30-19:03:36.307349 10b097e00            Options.bottommost_compression_opts.window_bits: -14
2020/11/30-19:03:36.307350 10b097e00                  Options.bottommost_compression_opts.level: 32767
2020/11/30-19:03:36.307351 10b097e00               Options.bottommost_compression_opts.strategy: 0
2020/11/30-19:03:36.307352 10b097e00         Options.bottommost_compression_opts.max_dict_bytes: 0
2020/11/30-19:03:36.307352 10b097e00         Options.bottommost_compression_opts.zstd_max_train_bytes: 0
2020/11/30-19:03:36.307353 10b097e00         Options.bottommost_compression_opts.parallel_threads: 1
2020/11/30-19:03:36.307354 10b097e00                  Options.bottommost_compression_opts.enabled: false
2020/11/30-19:03:36.307355 10b097e00            Options.compression_opts.window_bits: -14
2020/11/30-19:03:36.307356 10b097e00                  Options.compression_opts.level: 32767
2020/11/30-19:03:36.307357 10b097e00               Options.compression_opts.strategy: 0
2020/11/30-19:03:36.307357 10b097e00         Options.compression_opts.max_dict_bytes: 0
2020/11/30-19:03:36.307358 10b097e00         Options.compression_opts.zstd_max_train_bytes: 0
2020/11/30-19:03:36.307359 10b097e00         Options.compression_opts.parallel_threads: 1
2020/11/30-19:03:36.307360 10b097e00                  Options.compression_opts.enabled: false
2020/11/30-19:03:36.307361 10b097e00      Options.level0_file_num_compaction_trigger: 4
2020/11/30-19:03:36.307375 10b097e00          Options.level0_slowdown_writes_trigger: 20
2020/11/30-19:03:36.307376 10b097e00              Options.level0_stop_writes_trigger: 36
2020/11/30-19:03:36.307376 10b097e00                   Options.target_file_size_base: 67108864
2020/11/30-19:03:36.307377 10b097e00             Options.target_file_size_multiplier: 1
2020/11/30-19:03:36.307378 10b097e00                Options.max_bytes_for_level_base: 268435456
2020/11/30-19:03:36.307379 10b097e00 Options.level_compaction_dynamic_level_bytes: 0
2020/11/30-19:03:36.307380 10b097e00          Options.max_bytes_for_level_multiplier: 10.000000
2020/11/30-19:03:36.307381 10b097e00 Options.max_bytes_for_level_multiplier_addtl[0]: 1
2020/11/30-19:03:36.307381 10b097e00 Options.max_bytes_for_level_multiplier_addtl[1]: 1
2020/11/30-19:03:36.307382 10b097e00 Options.max_bytes_for_level_multiplier_addtl[2]: 1
2020/11/30-19:03:36.307383 10b097e00 Options.max_bytes_for_level_multiplier_addtl[3]: 1
2020/11/30-19:03:36.307384 10b097e00 Options.max_bytes_for_level_multiplier_addtl[4]: 1
2020/11/30-19:03:36.307385 10b097e00 Options.max_bytes_for_level_multiplier_addtl[5]: 1
2020/11/30-19:03:36.307386 10b097e00 Options.max_bytes_for_level_multiplier_addtl[6]: 1
2020/11/30-19:03:36.307386 10b097e00       Options.max_sequential_skip_in_iterations: 8
2020/11/30-19:03:36.307387 10b097e00                    Options.max_compaction_bytes: 1677721600
2020/11/30-19:03:36.307388 10b097e00                        Options.arena_block_size: 8388608
2020/11/30-19:03:36.307389 10b097e00   Options.soft_pending_compaction_bytes_limit: 68719476736
2020/11/30-19:03:36.307390 10b097e00   Options.hard_pending_compaction_bytes_limit: 274877906944
2020/11/30-19:03:36.307390 10b097e00       Options.rate_limit_delay_max_milliseconds: 100
2020/11/30-19:03:36.307391 10b097e00                Options.disable_auto_compactions: 0
2020/11/30-19:03:36.307392 10b097e00                        Options.compaction_style: kCompactionStyleLevel
2020/11/30-19:03:36.307393 10b097e00                          Options.compaction_pri: kMinOverlappingRatio
2020/11/30-19:03:36.307394 10b097e00 Options.compaction_options_universal.size_ratio: 1
2020/11/30-19:03:36.307395 10b097e00 Options.compaction_options_universal.min_merge_width: 2
2020/11/30-19:03:36.307395 10b097e00 Options.compaction_options_universal.max_merge_width: 4294967295
2020/11/30-19:03:36.307396 10b097e00 Options.compaction_options_universal.max_size_amplification_percent: 200
2020/11/30-19:03:36.307397 10b097e00 Options.compaction_options_universal.compression_size_percent: -1
2020/11/30-19:03:36.307398 10b097e00 Options.compaction_options_universal.stop_style: kCompactionStopStyleTotalSize
2020/11/30-19:03:36.307399 10b097e00 Options.compaction_options_fifo.max_table_files_size: 1073741824
2020/11/30-19:03:36.307400 10b097e00 Options.compaction_options_fifo.allow_compaction: 0
2020/11/30-19:03:36.307401 10b097e00                   Options.table_properties_collectors: 
