2020/11/30-19:03:37.867830 11fc8ce00 RocksDB version: 6.11.4
2020/11/30-19:03:37.867890 11fc8ce00 Git sha rocksdb_build_git_sha:@48bfca38f6f175435052a59791922a1a453d9609@
2020/11/30-19:03:37.867893 11fc8ce00 Compile date Nov 30 2020
2020/11/30-19:03:37.867895 11fc8ce00 DB SUMMARY
2020/11/30-19:03:37.868208 11fc8ce00 CURRENT file:  CURRENT
2020/11/30-19:03:37.868211 11fc8ce00 IDENTITY file:  IDENTITY
2020/11/30-19:03:37.868220 11fc8ce00 MANIFEST file:  MANIFEST-000535 size: 825 Bytes
2020/11/30-19:03:37.868230 11fc8ce00 SST files in ./database/alphanet dir, Total Num: 0, files: 
2020/11/30-19:03:37.868232 11fc8ce00 Write Ahead Log file in ./database/alphanet: 000536.log size: 0 ; 
2020/11/30-19:03:37.868250 11fc8ce00                         Options.error_if_exists: 0
2020/11/30-19:03:37.868251 11fc8ce00                       Options.create_if_missing: 1
2020/11/30-19:03:37.868252 11fc8ce00                         Options.paranoid_checks: 1
2020/11/30-19:03:37.868253 11fc8ce00                                     Options.env: 0x10fac64b8
2020/11/30-19:03:37.868254 11fc8ce00                                      Options.fs: Posix File System
2020/11/30-19:03:37.868255 11fc8ce00                                Options.info_log: 0x7fe2b961aab0
2020/11/30-19:03:37.868256 11fc8ce00                Options.max_file_opening_threads: 16
2020/11/30-19:03:37.868258 11fc8ce00                              Options.statistics: 0x7fe2b96198f8
2020/11/30-19:03:37.868259 11fc8ce00                               Options.use_fsync: 0
2020/11/30-19:03:37.868259 11fc8ce00                       Options.max_log_file_size: 0
2020/11/30-19:03:37.868260 11fc8ce00                  Options.max_manifest_file_size: 1073741824
2020/11/30-19:03:37.868262 11fc8ce00                   Options.log_file_time_to_roll: 0
2020/11/30-19:03:37.868262 11fc8ce00                       Options.keep_log_file_num: 1000
2020/11/30-19:03:37.868263 11fc8ce00                    Options.recycle_log_file_num: 0
2020/11/30-19:03:37.868264 11fc8ce00                         Options.allow_fallocate: 1
2020/11/30-19:03:37.868265 11fc8ce00                        Options.allow_mmap_reads: 0
2020/11/30-19:03:37.868266 11fc8ce00                       Options.allow_mmap_writes: 0
2020/11/30-19:03:37.868267 11fc8ce00                        Options.use_direct_reads: 0
2020/11/30-19:03:37.868268 11fc8ce00                        Options.use_direct_io_for_flush_and_compaction: 0
2020/11/30-19:03:37.868269 11fc8ce00          Options.create_missing_column_families: 1
2020/11/30-19:03:37.868270 11fc8ce00                              Options.db_log_dir: 
2020/11/30-19:03:37.868271 11fc8ce00                                 Options.wal_dir: ./database/alphanet
2020/11/30-19:03:37.868272 11fc8ce00                Options.table_cache_numshardbits: 6
2020/11/30-19:03:37.868273 11fc8ce00                      Options.max_subcompactions: 1
2020/11/30-19:03:37.868274 11fc8ce00                         Options.WAL_ttl_seconds: 0
2020/11/30-19:03:37.868275 11fc8ce00                       Options.WAL_size_limit_MB: 0
2020/11/30-19:03:37.868276 11fc8ce00                        Options.max_write_batch_group_size_bytes: 1048576
2020/11/30-19:03:37.868277 11fc8ce00             Options.manifest_preallocation_size: 4194304
2020/11/30-19:03:37.868278 11fc8ce00                     Options.is_fd_close_on_exec: 1
2020/11/30-19:03:37.868279 11fc8ce00                   Options.advise_random_on_open: 1
2020/11/30-19:03:37.868280 11fc8ce00                    Options.db_write_buffer_size: 0
2020/11/30-19:03:37.868281 11fc8ce00                    Options.write_buffer_manager: 0x7fe2b961aa20
2020/11/30-19:03:37.868282 11fc8ce00         Options.access_hint_on_compaction_start: 1
2020/11/30-19:03:37.868283 11fc8ce00  Options.new_table_reader_for_compaction_inputs: 0
2020/11/30-19:03:37.868284 11fc8ce00           Options.random_access_max_buffer_size: 1048576
2020/11/30-19:03:37.868285 11fc8ce00                      Options.use_adaptive_mutex: 0
2020/11/30-19:03:37.868286 11fc8ce00                            Options.rate_limiter: 0x0
2020/11/30-19:03:37.868287 11fc8ce00     Options.sst_file_manager.rate_bytes_per_sec: 0
2020/11/30-19:03:37.868313 11fc8ce00                       Options.wal_recovery_mode: 2
2020/11/30-19:03:37.868315 11fc8ce00                  Options.enable_thread_tracking: 0
2020/11/30-19:03:37.868316 11fc8ce00                  Options.enable_pipelined_write: 0
2020/11/30-19:03:37.868319 11fc8ce00                  Options.unordered_write: 0
2020/11/30-19:03:37.868320 11fc8ce00         Options.allow_concurrent_memtable_write: 1
2020/11/30-19:03:37.868321 11fc8ce00      Options.enable_write_thread_adaptive_yield: 1
2020/11/30-19:03:37.868322 11fc8ce00             Options.write_thread_max_yield_usec: 100
2020/11/30-19:03:37.868323 11fc8ce00            Options.write_thread_slow_yield_usec: 3
2020/11/30-19:03:37.868324 11fc8ce00                               Options.row_cache: None
2020/11/30-19:03:37.868325 11fc8ce00                              Options.wal_filter: None
2020/11/30-19:03:37.868326 11fc8ce00             Options.avoid_flush_during_recovery: 0
2020/11/30-19:03:37.868327 11fc8ce00             Options.allow_ingest_behind: 0
2020/11/30-19:03:37.868328 11fc8ce00             Options.preserve_deletes: 0
2020/11/30-19:03:37.868329 11fc8ce00             Options.two_write_queues: 0
2020/11/30-19:03:37.868330 11fc8ce00             Options.manual_wal_flush: 0
2020/11/30-19:03:37.868331 11fc8ce00             Options.atomic_flush: 1
2020/11/30-19:03:37.868332 11fc8ce00             Options.avoid_unnecessary_blocking_io: 0
2020/11/30-19:03:37.868333 11fc8ce00                 Options.persist_stats_to_disk: 0
2020/11/30-19:03:37.868334 11fc8ce00                 Options.write_dbid_to_manifest: 0
2020/11/30-19:03:37.868334 11fc8ce00                 Options.log_readahead_size: 0
2020/11/30-19:03:37.868335 11fc8ce00                 Options.file_checksum_gen_factory: Unknown
2020/11/30-19:03:37.868338 11fc8ce00                 Options.best_efforts_recovery: 0
2020/11/30-19:03:37.868339 11fc8ce00             Options.max_background_jobs: 12
2020/11/30-19:03:37.868340 11fc8ce00             Options.max_background_compactions: -1
2020/11/30-19:03:37.868341 11fc8ce00             Options.avoid_flush_during_shutdown: 0
2020/11/30-19:03:37.868342 11fc8ce00           Options.writable_file_max_buffer_size: 1048576
2020/11/30-19:03:37.868343 11fc8ce00             Options.delayed_write_rate : 16777216
2020/11/30-19:03:37.868344 11fc8ce00             Options.max_total_wal_size: 0
2020/11/30-19:03:37.868345 11fc8ce00             Options.delete_obsolete_files_period_micros: 21600000000
2020/11/30-19:03:37.868346 11fc8ce00                   Options.stats_dump_period_sec: 600
2020/11/30-19:03:37.868347 11fc8ce00                 Options.stats_persist_period_sec: 600
2020/11/30-19:03:37.868348 11fc8ce00                 Options.stats_history_buffer_size: 1048576
2020/11/30-19:03:37.868349 11fc8ce00                          Options.max_open_files: -1
2020/11/30-19:03:37.868350 11fc8ce00                          Options.bytes_per_sync: 0
2020/11/30-19:03:37.868351 11fc8ce00                      Options.wal_bytes_per_sync: 0
2020/11/30-19:03:37.868352 11fc8ce00                   Options.strict_bytes_per_sync: 0
2020/11/30-19:03:37.868353 11fc8ce00       Options.compaction_readahead_size: 0
2020/11/30-19:03:37.868354 11fc8ce00                  Options.max_background_flushes: -1
2020/11/30-19:03:37.868355 11fc8ce00 Compression algorithms supported:
2020/11/30-19:03:37.868357 11fc8ce00 	kZSTD supported: 0
2020/11/30-19:03:37.868358 11fc8ce00 	kZlibCompression supported: 0
2020/11/30-19:03:37.868359 11fc8ce00 	kXpressCompression supported: 0
2020/11/30-19:03:37.868360 11fc8ce00 	kSnappyCompression supported: 0
2020/11/30-19:03:37.868361 11fc8ce00 	kZSTDNotFinalCompression supported: 0
2020/11/30-19:03:37.868362 11fc8ce00 	kLZ4HCCompression supported: 0
2020/11/30-19:03:37.868363 11fc8ce00 	kLZ4Compression supported: 0
2020/11/30-19:03:37.868364 11fc8ce00 	kBZip2Compression supported: 0
2020/11/30-19:03:37.868367 11fc8ce00 Fast CRC32 supported: Supported on x86
2020/11/30-19:03:37.868527 11fc8ce00 [db/version_set.cc:4555] Recovering from manifest file: ./database/alphanet/MANIFEST-000535
2020/11/30-19:03:37.868608 11fc8ce00 [db/column_family.cc:579] --------------- Options for column family [default]:
2020/11/30-19:03:37.868620 11fc8ce00               Options.comparator: leveldb.BytewiseComparator
2020/11/30-19:03:37.868621 11fc8ce00           Options.merge_operator: None
2020/11/30-19:03:37.868622 11fc8ce00        Options.compaction_filter: None
2020/11/30-19:03:37.868623 11fc8ce00        Options.compaction_filter_factory: None
2020/11/30-19:03:37.868624 11fc8ce00         Options.memtable_factory: SkipListFactory
2020/11/30-19:03:37.868625 11fc8ce00            Options.table_factory: BlockBasedTable
2020/11/30-19:03:37.868641 11fc8ce00            table_factory options:   flush_block_policy_factory: FlushBlockBySizePolicyFactory (0x7fe2b9619140)
  cache_index_and_filter_blocks: 0
  cache_index_and_filter_blocks_with_high_priority: 1
  pin_l0_filter_and_index_blocks_in_cache: 0
  pin_top_level_index_and_filter: 1
  index_type: 0
  data_block_index_type: 0
  index_shortening: 1
  data_block_hash_table_util_ratio: 0.750000
  hash_index_allow_collision: 1
  checksum: 1
  no_block_cache: 0
  block_cache: 0x7fe2b9619188
  block_cache_name: LRUCache
  block_cache_options:
    capacity : 8388608
    num_shard_bits : 4
    strict_capacity_limit : 0
    memory_allocator : None
    high_pri_pool_ratio: 0.000
  block_cache_compressed: 0x0
  persistent_cache: 0x0
  block_size: 4096
  block_size_deviation: 10
  block_restart_interval: 16
  index_block_restart_interval: 1
  metadata_block_size: 4096
  partition_filters: 0
  use_delta_encoding: 1
  filter_policy: nullptr
  whole_key_filtering: 1
  verify_compression: 0
  read_amp_bytes_per_bit: 0
  format_version: 4
  enable_index_compression: 1
  block_align: 0
2020/11/30-19:03:37.868646 11fc8ce00        Options.write_buffer_size: 67108864
2020/11/30-19:03:37.868647 11fc8ce00  Options.max_write_buffer_number: 2
2020/11/30-19:03:37.868648 11fc8ce00          Options.compression: NoCompression
2020/11/30-19:03:37.868649 11fc8ce00                  Options.bottommost_compression: Disabled
2020/11/30-19:03:37.868650 11fc8ce00       Options.prefix_extractor: nullptr
2020/11/30-19:03:37.868651 11fc8ce00   Options.memtable_insert_with_hint_prefix_extractor: nullptr
2020/11/30-19:03:37.868652 11fc8ce00             Options.num_levels: 7
2020/11/30-19:03:37.868653 11fc8ce00        Options.min_write_buffer_number_to_merge: 1
2020/11/30-19:03:37.868654 11fc8ce00     Options.max_write_buffer_number_to_maintain: 0
2020/11/30-19:03:37.868655 11fc8ce00     Options.max_write_buffer_size_to_maintain: 0
2020/11/30-19:03:37.868656 11fc8ce00            Options.bottommost_compression_opts.window_bits: -14
2020/11/30-19:03:37.868657 11fc8ce00                  Options.bottommost_compression_opts.level: 32767
2020/11/30-19:03:37.868658 11fc8ce00               Options.bottommost_compression_opts.strategy: 0
2020/11/30-19:03:37.868659 11fc8ce00         Options.bottommost_compression_opts.max_dict_bytes: 0
2020/11/30-19:03:37.868660 11fc8ce00         Options.bottommost_compression_opts.zstd_max_train_bytes: 0
2020/11/30-19:03:37.868661 11fc8ce00         Options.bottommost_compression_opts.parallel_threads: 1
2020/11/30-19:03:37.868662 11fc8ce00                  Options.bottommost_compression_opts.enabled: false
2020/11/30-19:03:37.868663 11fc8ce00            Options.compression_opts.window_bits: -14
2020/11/30-19:03:37.868664 11fc8ce00                  Options.compression_opts.level: 32767
2020/11/30-19:03:37.868665 11fc8ce00               Options.compression_opts.strategy: 0
2020/11/30-19:03:37.868666 11fc8ce00         Options.compression_opts.max_dict_bytes: 0
2020/11/30-19:03:37.868667 11fc8ce00         Options.compression_opts.zstd_max_train_bytes: 0
2020/11/30-19:03:37.868668 11fc8ce00         Options.compression_opts.parallel_threads: 1
2020/11/30-19:03:37.868669 11fc8ce00                  Options.compression_opts.enabled: false
2020/11/30-19:03:37.868670 11fc8ce00      Options.level0_file_num_compaction_trigger: 4
2020/11/30-19:03:37.868671 11fc8ce00          Options.level0_slowdown_writes_trigger: 20
2020/11/30-19:03:37.868692 11fc8ce00              Options.level0_stop_writes_trigger: 36
2020/11/30-19:03:37.868693 11fc8ce00                   Options.target_file_size_base: 67108864
2020/11/30-19:03:37.868694 11fc8ce00             Options.target_file_size_multiplier: 1
2020/11/30-19:03:37.868695 11fc8ce00                Options.max_bytes_for_level_base: 268435456
2020/11/30-19:03:37.868696 11fc8ce00 Options.level_compaction_dynamic_level_bytes: 0
2020/11/30-19:03:37.868697 11fc8ce00          Options.max_bytes_for_level_multiplier: 10.000000
2020/11/30-19:03:37.868698 11fc8ce00 Options.max_bytes_for_level_multiplier_addtl[0]: 1
2020/11/30-19:03:37.868700 11fc8ce00 Options.max_bytes_for_level_multiplier_addtl[1]: 1
2020/11/30-19:03:37.868701 11fc8ce00 Options.max_bytes_for_level_multiplier_addtl[2]: 1
2020/11/30-19:03:37.868702 11fc8ce00 Options.max_bytes_for_level_multiplier_addtl[3]: 1
2020/11/30-19:03:37.868703 11fc8ce00 Options.max_bytes_for_level_multiplier_addtl[4]: 1
2020/11/30-19:03:37.868704 11fc8ce00 Options.max_bytes_for_level_multiplier_addtl[5]: 1
2020/11/30-19:03:37.868705 11fc8ce00 Options.max_bytes_for_level_multiplier_addtl[6]: 1
2020/11/30-19:03:37.868706 11fc8ce00       Options.max_sequential_skip_in_iterations: 8
2020/11/30-19:03:37.868706 11fc8ce00                    Options.max_compaction_bytes: 1677721600
2020/11/30-19:03:37.868708 11fc8ce00                        Options.arena_block_size: 8388608
2020/11/30-19:03:37.868709 11fc8ce00   Options.soft_pending_compaction_bytes_limit: 68719476736
2020/11/30-19:03:37.868710 11fc8ce00   Options.hard_pending_compaction_bytes_limit: 274877906944
2020/11/30-19:03:37.868711 11fc8ce00       Options.rate_limit_delay_max_milliseconds: 100
2020/11/30-19:03:37.868712 11fc8ce00                Options.disable_auto_compactions: 0
2020/11/30-19:03:37.868713 11fc8ce00                        Options.compaction_style: kCompactionStyleLevel
2020/11/30-19:03:37.868714 11fc8ce00                          Options.compaction_pri: kMinOverlappingRatio
2020/11/30-19:03:37.868715 11fc8ce00 Options.compaction_options_universal.size_ratio: 1
2020/11/30-19:03:37.868716 11fc8ce00 Options.compaction_options_universal.min_merge_width: 2
2020/11/30-19:03:37.868717 11fc8ce00 Options.compaction_options_universal.max_merge_width: 4294967295
2020/11/30-19:03:37.868718 11fc8ce00 Options.compaction_options_universal.max_size_amplification_percent: 200
2020/11/30-19:03:37.868719 11fc8ce00 Options.compaction_options_universal.compression_size_percent: -1
2020/11/30-19:03:37.868720 11fc8ce00 Options.compaction_options_universal.stop_style: kCompactionStopStyleTotalSize
2020/11/30-19:03:37.868721 11fc8ce00 Options.compaction_options_fifo.max_table_files_size: 1073741824
2020/11/30-19:03:37.868723 11fc8ce00 Options.compaction_options_fifo.allow_compaction: 0
2020/11/30-19:03:37.868727 11fc8ce00                   Options.table_properties_collectors: 
2020/11/30-19:03:37.868729 11fc8ce00                   Options.inplace_update_support: 0
2020/11/30-19:03:37.868730 11fc8ce00                 Options.inplace_update_num_locks: 10000
2020/11/30-19:03:37.868731 11fc8ce00               Options.memtable_prefix_bloom_size_ratio: 0.000000
2020/11/30-19:03:37.868732 11fc8ce00               Options.memtable_whole_key_filtering: 0
2020/11/30-19:03:37.868733 11fc8ce00   Options.memtable_huge_page_size: 0
2020/11/30-19:03:37.868734 11fc8ce00                           Options.bloom_locality: 0
2020/11/30-19:03:37.868735 11fc8ce00                    Options.max_successive_merges: 0
2020/11/30-19:03:37.868736 11fc8ce00                Options.optimize_filters_for_hits: 0
2020/11/30-19:03:37.868737 11fc8ce00                Options.paranoid_file_checks: 0
2020/11/30-19:03:37.868738 11fc8ce00                Options.force_consistency_checks: 0
2020/11/30-19:03:37.868739 11fc8ce00                Options.report_bg_io_stats: 0
2020/11/30-19:03:37.868739 11fc8ce00                               Options.ttl: 2592000
2020/11/30-19:03:37.868740 11fc8ce00          Options.periodic_compaction_seconds: 0
2020/11/30-19:03:37.868849 11fc8ce00 [db/column_family.cc:579] --------------- Options for column family [message_id_to_message]:
2020/11/30-19:03:37.868852 11fc8ce00               Options.comparator: leveldb.BytewiseComparator
2020/11/30-19:03:37.868853 11fc8ce00           Options.merge_operator: None
2020/11/30-19:03:37.868854 11fc8ce00        Options.compaction_filter: None
2020/11/30-19:03:37.868855 11fc8ce00        Options.compaction_filter_factory: None
2020/11/30-19:03:37.868856 11fc8ce00         Options.memtable_factory: SkipListFactory
2020/11/30-19:03:37.868857 11fc8ce00            Options.table_factory: BlockBasedTable
2020/11/30-19:03:37.868871 11fc8ce00            table_factory options:   flush_block_policy_factory: FlushBlockBySizePolicyFactory (0x7fe2b9613340)
  cache_index_and_filter_blocks: 0
  cache_index_and_filter_blocks_with_high_priority: 1
  pin_l0_filter_and_index_blocks_in_cache: 0
  pin_top_level_index_and_filter: 1
  index_type: 0
  data_block_index_type: 0
  index_shortening: 1
  data_block_hash_table_util_ratio: 0.750000
  hash_index_allow_collision: 1
  checksum: 1
  no_block_cache: 0
  block_cache: 0x7fe2b9613388
  block_cache_name: LRUCache
  block_cache_options:
    capacity : 8388608
    num_shard_bits : 4
    strict_capacity_limit : 0
    memory_allocator : None
    high_pri_pool_ratio: 0.000
  block_cache_compressed: 0x0
  persistent_cache: 0x0
  block_size: 4096
  block_size_deviation: 10
  block_restart_interval: 16
  index_block_restart_interval: 1
  metadata_block_size: 4096
  partition_filters: 0
  use_delta_encoding: 1
  filter_policy: nullptr
  whole_key_filtering: 1
  verify_compression: 0
  read_amp_bytes_per_bit: 0
  format_version: 4
  enable_index_compression: 1
  block_align: 0
2020/11/30-19:03:37.868873 11fc8ce00        Options.write_buffer_size: 67108864
2020/11/30-19:03:37.868874 11fc8ce00  Options.max_write_buffer_number: 2
2020/11/30-19:03:37.868875 11fc8ce00          Options.compression: NoCompression
2020/11/30-19:03:37.868876 11fc8ce00                  Options.bottommost_compression: Disabled
2020/11/30-19:03:37.868877 11fc8ce00       Options.prefix_extractor: nullptr
2020/11/30-19:03:37.868878 11fc8ce00   Options.memtable_insert_with_hint_prefix_extractor: nullptr
2020/11/30-19:03:37.868879 11fc8ce00             Options.num_levels: 7
2020/11/30-19:03:37.868880 11fc8ce00        Options.min_write_buffer_number_to_merge: 1
2020/11/30-19:03:37.868881 11fc8ce00     Options.max_write_buffer_number_to_maintain: 0
2020/11/30-19:03:37.868882 11fc8ce00     Options.max_write_buffer_size_to_maintain: 0
2020/11/30-19:03:37.868883 11fc8ce00            Options.bottommost_compression_opts.window_bits: -14
2020/11/30-19:03:37.868884 11fc8ce00                  Options.bottommost_compression_opts.level: 32767
2020/11/30-19:03:37.868885 11fc8ce00               Options.bottommost_compression_opts.strategy: 0
2020/11/30-19:03:37.868886 11fc8ce00         Options.bottommost_compression_opts.max_dict_bytes: 0
2020/11/30-19:03:37.868887 11fc8ce00         Options.bottommost_compression_opts.zstd_max_train_bytes: 0
2020/11/30-19:03:37.868888 11fc8ce00         Options.bottommost_compression_opts.parallel_threads: 1
2020/11/30-19:03:37.868889 11fc8ce00                  Options.bottommost_compression_opts.enabled: false
2020/11/30-19:03:37.868890 11fc8ce00            Options.compression_opts.window_bits: -14
2020/11/30-19:03:37.868891 11fc8ce00                  Options.compression_opts.level: 32767
2020/11/30-19:03:37.868892 11fc8ce00               Options.compression_opts.strategy: 0
2020/11/30-19:03:37.868893 11fc8ce00         Options.compression_opts.max_dict_bytes: 0
2020/11/30-19:03:37.868894 11fc8ce00         Options.compression_opts.zstd_max_train_bytes: 0
2020/11/30-19:03:37.868895 11fc8ce00         Options.compression_opts.parallel_threads: 1
2020/11/30-19:03:37.868896 11fc8ce00                  Options.compression_opts.enabled: false
2020/11/30-19:03:37.868897 11fc8ce00      Options.level0_file_num_compaction_trigger: 4
2020/11/30-19:03:37.868898 11fc8ce00          Options.level0_slowdown_writes_trigger: 20
2020/11/30-19:03:37.868917 11fc8ce00              Options.level0_stop_writes_trigger: 36
2020/11/30-19:03:37.868919 11fc8ce00                   Options.target_file_size_base: 67108864
2020/11/30-19:03:37.868920 11fc8ce00             Options.target_file_size_multiplier: 1
2020/11/30-19:03:37.868921 11fc8ce00                Options.max_bytes_for_level_base: 268435456
2020/11/30-19:03:37.868921 11fc8ce00 Options.level_compaction_dynamic_level_bytes: 0
2020/11/30-19:03:37.868922 11fc8ce00          Options.max_bytes_for_level_multiplier: 10.000000
2020/11/30-19:03:37.868924 11fc8ce00 Options.max_bytes_for_level_multiplier_addtl[0]: 1
2020/11/30-19:03:37.868925 11fc8ce00 Options.max_bytes_for_level_multiplier_addtl[1]: 1
2020/11/30-19:03:37.868926 11fc8ce00 Options.max_bytes_for_level_multiplier_addtl[2]: 1
2020/11/30-19:03:37.868927 11fc8ce00 Options.max_bytes_for_level_multiplier_addtl[3]: 1
2020/11/30-19:03:37.868928 11fc8ce00 Options.max_bytes_for_level_multiplier_addtl[4]: 1
2020/11/30-19:03:37.868929 11fc8ce00 Options.max_bytes_for_level_multiplier_addtl[5]: 1
2020/11/30-19:03:37.868930 11fc8ce00 Options.max_bytes_for_level_multiplier_addtl[6]: 1
2020/11/30-19:03:37.868931 11fc8ce00       Options.max_sequential_skip_in_iterations: 8
2020/11/30-19:03:37.868932 11fc8ce00                    Options.max_compaction_bytes: 1677721600
2020/11/30-19:03:37.868933 11fc8ce00                        Options.arena_block_size: 8388608
2020/11/30-19:03:37.868934 11fc8ce00   Options.soft_pending_compaction_bytes_limit: 68719476736
2020/11/30-19:03:37.868935 11fc8ce00   Options.hard_pending_compaction_bytes_limit: 274877906944
2020/11/30-19:03:37.868936 11fc8ce00       Options.rate_limit_delay_max_milliseconds: 100
2020/11/30-19:03:37.868937 11fc8ce00                Options.disable_auto_compactions: 0
2020/11/30-19:03:37.868938 11fc8ce00                        Options.compaction_style: kCompactionStyleLevel
2020/11/30-19:03:37.868939 11fc8ce00                          Options.compaction_pri: kMinOverlappingRatio
2020/11/30-19:03:37.868940 11fc8ce00 Options.compaction_options_universal.size_ratio: 1
2020/11/30-19:03:37.868941 11fc8ce00 Options.compaction_options_universal.min_merge_width: 2
2020/11/30-19:03:37.868942 11fc8ce00 Options.compaction_options_universal.max_merge_width: 4294967295
2020/11/30-19:03:37.868943 11fc8ce00 Options.compaction_options_universal.max_size_amplification_percent: 200
2020/11/30-19:03:37.868944 11fc8ce00 Options.compaction_options_universal.compression_size_percent: -1
2020/11/30-19:03:37.868945 11fc8ce00 Options.compaction_options_universal.stop_style: kCompactionStopStyleTotalSize
2020/11/30-19:03:37.868946 11fc8ce00 Options.compaction_options_fifo.max_table_files_size: 1073741824
2020/11/30-19:03:37.868947 11fc8ce00 Options.compaction_options_fifo.allow_compaction: 0
2020/11/30-19:03:37.868948 11fc8ce00                   Options.table_properties_collectors: 
2020/11/30-19:03:37.868949 11fc8ce00                   Options.inplace_update_support: 0
2020/11/30-19:03:37.868950 11fc8ce00                 Options.inplace_update_num_locks: 10000
2020/11/30-19:03:37.868951 11fc8ce00               Options.memtable_prefix_bloom_size_ratio: 0.000000
2020/11/30-19:03:37.868952 11fc8ce00               Options.memtable_whole_key_filtering: 0
2020/11/30-19:03:37.868953 11fc8ce00   Options.memtable_huge_page_size: 0
2020/11/30-19:03:37.868954 11fc8ce00                           Options.bloom_locality: 0
2020/11/30-19:03:37.868955 11fc8ce00                    Options.max_successive_merges: 0
2020/11/30-19:03:37.868956 11fc8ce00                Options.optimize_filters_for_hits: 0
2020/11/30-19:03:37.868957 11fc8ce00                Options.paranoid_file_checks: 0
2020/11/30-19:03:37.868958 11fc8ce00                Options.force_consistency_checks: 0
2020/11/30-19:03:37.868959 11fc8ce00                Options.report_bg_io_stats: 0
2020/11/30-19:03:37.868960 11fc8ce00                               Options.ttl: 2592000
2020/11/30-19:03:37.868961 11fc8ce00          Options.periodic_compaction_seconds: 0
2020/11/30-19:03:37.869016 11fc8ce00 [db/column_family.cc:579] --------------- Options for column family [message_id_to_message_id]:
2020/11/30-19:03:37.869019 11fc8ce00               Options.comparator: leveldb.BytewiseComparator
2020/11/30-19:03:37.869020 11fc8ce00           Options.merge_operator: None
2020/11/30-19:03:37.869021 11fc8ce00        Options.compaction_filter: None
2020/11/30-19:03:37.869022 11fc8ce00        Options.compaction_filter_factory: None
2020/11/30-19:03:37.869023 11fc8ce00         Options.memtable_factory: SkipListFactory
2020/11/30-19:03:37.869024 11fc8ce00            Options.table_factory: BlockBasedTable
2020/11/30-19:03:37.869037 11fc8ce00            table_factory options:   flush_block_policy_factory: FlushBlockBySizePolicyFactory (0x7fe2b9614a70)
  cache_index_and_filter_blocks: 0
  cache_index_and_filter_blocks_with_high_priority: 1
  pin_l0_filter_and_index_blocks_in_cache: 0
  pin_top_level_index_and_filter: 1
  index_type: 0
  data_block_index_type: 0
  index_shortening: 1
  data_block_hash_table_util_ratio: 0.750000
  hash_index_allow_collision: 1
  checksum: 1
  no_block_cache: 0
  block_cache: 0x7fe2b9614ab8
  block_cache_name: LRUCache
  block_cache_options:
    capacity : 8388608
    num_shard_bits : 4
    strict_capacity_limit : 0
    memory_allocator : None
    high_pri_pool_ratio: 0.000
  block_cache_compressed: 0x0
  persistent_cache: 0x0
  block_size: 4096
  block_size_deviation: 10
  block_restart_interval: 16
  index_block_restart_interval: 1
  metadata_block_size: 4096
  partition_filters: 0
  use_delta_encoding: 1
  filter_policy: nullptr
  whole_key_filtering: 1
  verify_compression: 0
  read_amp_bytes_per_bit: 0
  format_version: 4
  enable_index_compression: 1
  block_align: 0
2020/11/30-19:03:37.869038 11fc8ce00        Options.write_buffer_size: 67108864
2020/11/30-19:03:37.869039 11fc8ce00  Options.max_write_buffer_number: 2
2020/11/30-19:03:37.869040 11fc8ce00          Options.compression: NoCompression
2020/11/30-19:03:37.869041 11fc8ce00                  Options.bottommost_compression: Disabled
2020/11/30-19:03:37.869042 11fc8ce00       Options.prefix_extractor: rocksdb.FixedPrefix.32
2020/11/30-19:03:37.869043 11fc8ce00   Options.memtable_insert_with_hint_prefix_extractor: nullptr
2020/11/30-19:03:37.869044 11fc8ce00             Options.num_levels: 7
2020/11/30-19:03:37.869045 11fc8ce00        Options.min_write_buffer_number_to_merge: 1
2020/11/30-19:03:37.869046 11fc8ce00     Options.max_write_buffer_number_to_maintain: 0
2020/11/30-19:03:37.869047 11fc8ce00     Options.max_write_buffer_size_to_maintain: 0
2020/11/30-19:03:37.869048 11fc8ce00            Options.bottommost_compression_opts.window_bits: -14
2020/11/30-19:03:37.869049 11fc8ce00                  Options.bottommost_compression_opts.level: 32767
2020/11/30-19:03:37.869050 11fc8ce00               Options.bottommost_compression_opts.strategy: 0
2020/11/30-19:03:37.869051 11fc8ce00         Options.bottommost_compression_opts.max_dict_bytes: 0
2020/11/30-19:03:37.869052 11fc8ce00         Options.bottommost_compression_opts.zstd_max_train_bytes: 0
2020/11/30-19:03:37.869053 11fc8ce00         Options.bottommost_compression_opts.parallel_threads: 1
2020/11/30-19:03:37.869054 11fc8ce00                  Options.bottommost_compression_opts.enabled: false
2020/11/30-19:03:37.869055 11fc8ce00            Options.compression_opts.window_bits: -14
2020/11/30-19:03:37.869056 11fc8ce00                  Options.compression_opts.level: 32767
2020/11/30-19:03:37.869057 11fc8ce00               Options.compression_opts.strategy: 0
2020/11/30-19:03:37.869058 11fc8ce00         Options.compression_opts.max_dict_bytes: 0
2020/11/30-19:03:37.869059 11fc8ce00         Options.compression_opts.zstd_max_train_bytes: 0
2020/11/30-19:03:37.869060 11fc8ce00         Options.compression_opts.parallel_threads: 1
2020/11/30-19:03:37.869061 11fc8ce00                  Options.compression_opts.enabled: false
2020/11/30-19:03:37.869062 11fc8ce00      Options.level0_file_num_compaction_trigger: 4
2020/11/30-19:03:37.869063 11fc8ce00          Options.level0_slowdown_writes_trigger: 20
2020/11/30-19:03:37.869081 11fc8ce00              Options.level0_stop_writes_trigger: 36
2020/11/30-19:03:37.869082 11fc8ce00                   Options.target_file_size_base: 67108864
2020/11/30-19:03:37.869083 11fc8ce00             Options.target_file_size_multiplier: 1
2020/11/30-19:03:37.869084 11fc8ce00                Options.max_bytes_for_level_base: 268435456
2020/11/30-19:03:37.869085 11fc8ce00 Options.level_compaction_dynamic_level_bytes: 0
2020/11/30-19:03:37.869086 11fc8ce00          Options.max_bytes_for_level_multiplier: 10.000000
2020/11/30-19:03:37.869087 11fc8ce00 Options.max_bytes_for_level_multiplier_addtl[0]: 1
2020/11/30-19:03:37.869088 11fc8ce00 Options.max_bytes_for_level_multiplier_addtl[1]: 1
2020/11/30-19:03:37.869089 11fc8ce00 Options.max_bytes_for_level_multiplier_addtl[2]: 1
2020/11/30-19:03:37.869090 11fc8ce00 Options.max_bytes_for_level_multiplier_addtl[3]: 1
2020/11/30-19:03:37.869091 11fc8ce00 Options.max_bytes_for_level_multiplier_addtl[4]: 1
2020/11/30-19:03:37.869092 11fc8ce00 Options.max_bytes_for_level_multiplier_addtl[5]: 1
2020/11/30-19:03:37.869093 11fc8ce00 Options.max_bytes_for_level_multiplier_addtl[6]: 1
2020/11/30-19:03:37.869094 11fc8ce00       Options.max_sequential_skip_in_iterations: 8
2020/11/30-19:03:37.869095 11fc8ce00                    Options.max_compaction_bytes: 1677721600
2020/11/30-19:03:37.869096 11fc8ce00                        Options.arena_block_size: 8388608
2020/11/30-19:03:37.869097 11fc8ce00   Options.soft_pending_compaction_bytes_limit: 68719476736
2020/11/30-19:03:37.869098 11fc8ce00   Options.hard_pending_compaction_bytes_limit: 274877906944
2020/11/30-19:03:37.869099 11fc8ce00       Options.rate_limit_delay_max_milliseconds: 100
2020/11/30-19:03:37.869100 11fc8ce00                Options.disable_auto_compactions: 0
2020/11/30-19:03:37.869101 11fc8ce00                        Options.compaction_style: kCompactionStyleLevel
2020/11/30-19:03:37.869102 11fc8ce00                          Options.compaction_pri: kMinOverlappingRatio
2020/11/30-19:03:37.869103 11fc8ce00 Options.compaction_options_universal.size_ratio: 1
2020/11/30-19:03:37.869104 11fc8ce00 Options.compaction_options_universal.min_merge_width: 2
2020/11/30-19:03:37.869105 11fc8ce00 Options.compaction_options_universal.max_merge_width: 4294967295
2020/11/30-19:03:37.869106 11fc8ce00 Options.compaction_options_universal.max_size_amplification_percent: 200
2020/11/30-19:03:37.869107 11fc8ce00 Options.compaction_options_universal.compression_size_percent: -1
2020/11/30-19:03:37.869109 11fc8ce00 Options.compaction_options_universal.stop_style: kCompactionStopStyleTotalSize
2020/11/30-19:03:37.869109 11fc8ce00 Options.compaction_options_fifo.max_table_files_size: 1073741824
2020/11/30-19:03:37.869110 11fc8ce00 Options.compaction_options_fifo.allow_compaction: 0
2020/11/30-19:03:37.869112 11fc8ce00                   Options.table_properties_collectors: 
2020/11/30-19:03:37.869113 11fc8ce00                   Options.inplace_update_support: 0
2020/11/30-19:03:37.869114 11fc8ce00                 Options.inplace_update_num_locks: 10000
2020/11/30-19:03:37.869115 11fc8ce00               Options.memtable_prefix_bloom_size_ratio: 0.000000
2020/11/30-19:03:37.869116 11fc8ce00               Options.memtable_whole_key_filtering: 0
2020/11/30-19:03:37.869117 11fc8ce00   Options.memtable_huge_page_size: 0
2020/11/30-19:03:37.869118 11fc8ce00                           Options.bloom_locality: 0
2020/11/30-19:03:37.869119 11fc8ce00                    Options.max_successive_merges: 0
2020/11/30-19:03:37.869120 11fc8ce00                Options.optimize_filters_for_hits: 0
2020/11/30-19:03:37.869121 11fc8ce00                Options.paranoid_file_checks: 0
2020/11/30-19:03:37.869122 11fc8ce00                Options.force_consistency_checks: 0
2020/11/30-19:03:37.869122 11fc8ce00                Options.report_bg_io_stats: 0
2020/11/30-19:03:37.869123 11fc8ce00                               Options.ttl: 2592000
2020/11/30-19:03:37.869124 11fc8ce00          Options.periodic_compaction_seconds: 0
2020/11/30-19:03:37.869175 11fc8ce00 [db/column_family.cc:579] --------------- Options for column family [index_to_message_id]:
2020/11/30-19:03:37.869181 11fc8ce00               Options.comparator: leveldb.BytewiseComparator
2020/11/30-19:03:37.869182 11fc8ce00           Options.merge_operator: None
2020/11/30-19:03:37.869183 11fc8ce00        Options.compaction_filter: None
2020/11/30-19:03:37.869184 11fc8ce00        Options.compaction_filter_factory: None
2020/11/30-19:03:37.869185 11fc8ce00         Options.memtable_factory: SkipListFactory
2020/11/30-19:03:37.869186 11fc8ce00            Options.table_factory: BlockBasedTable
2020/11/30-19:03:37.869199 11fc8ce00            table_factory options:   flush_block_policy_factory: FlushBlockBySizePolicyFactory (0x7fe2b9615660)
  cache_index_and_filter_blocks: 0
  cache_index_and_filter_blocks_with_high_priority: 1
  pin_l0_filter_and_index_blocks_in_cache: 0
  pin_top_level_index_and_filter: 1
  index_type: 0
  data_block_index_type: 0
  index_shortening: 1
  data_block_hash_table_util_ratio: 0.750000
  hash_index_allow_collision: 1
  checksum: 1
  no_block_cache: 0
  block_cache: 0x7fe2b96156a8
  block_cache_name: LRUCache
  block_cache_options:
    capacity : 8388608
    num_shard_bits : 4
    strict_capacity_limit : 0
    memory_allocator : None
    high_pri_pool_ratio: 0.000
  block_cache_compressed: 0x0
  persistent_cache: 0x0
  block_size: 4096
  block_size_deviation: 10
  block_restart_interval: 16
  index_block_restart_interval: 1
  metadata_block_size: 4096
  partition_filters: 0
  use_delta_encoding: 1
  filter_policy: nullptr
  whole_key_filtering: 1
  verify_compression: 0
  read_amp_bytes_per_bit: 0
  format_version: 4
  enable_index_compression: 1
  block_align: 0
2020/11/30-19:03:37.869201 11fc8ce00        Options.write_buffer_size: 67108864
2020/11/30-19:03:37.869202 11fc8ce00  Options.max_write_buffer_number: 2
2020/11/30-19:03:37.869203 11fc8ce00          Options.compression: NoCompression
2020/11/30-19:03:37.869204 11fc8ce00                  Options.bottommost_compression: Disabled
2020/11/30-19:03:37.869205 11fc8ce00       Options.prefix_extractor: rocksdb.FixedPrefix.32
2020/11/30-19:03:37.869206 11fc8ce00   Options.memtable_insert_with_hint_prefix_extractor: nullptr
2020/11/30-19:03:37.869207 11fc8ce00             Options.num_levels: 7
2020/11/30-19:03:37.869208 11fc8ce00        Options.min_write_buffer_number_to_merge: 1
2020/11/30-19:03:37.869209 11fc8ce00     Options.max_write_buffer_number_to_maintain: 0
2020/11/30-19:03:37.869209 11fc8ce00     Options.max_write_buffer_size_to_maintain: 0
2020/11/30-19:03:37.869210 11fc8ce00            Options.bottommost_compression_opts.window_bits: -14
2020/11/30-19:03:37.869211 11fc8ce00                  Options.bottommost_compression_opts.level: 32767
2020/11/30-19:03:37.869212 11fc8ce00               Options.bottommost_compression_opts.strategy: 0
2020/11/30-19:03:37.869213 11fc8ce00         Options.bottommost_compression_opts.max_dict_bytes: 0
2020/11/30-19:03:37.869215 11fc8ce00         Options.bottommost_compression_opts.zstd_max_train_bytes: 0
2020/11/30-19:03:37.869216 11fc8ce00         Options.bottommost_compression_opts.parallel_threads: 1
2020/11/30-19:03:37.869216 11fc8ce00                  Options.bottommost_compression_opts.enabled: false
2020/11/30-19:03:37.869217 11fc8ce00            Options.compression_opts.window_bits: -14
2020/11/30-19:03:37.869218 11fc8ce00                  Options.compression_opts.level: 32767
2020/11/30-19:03:37.869219 11fc8ce00               Options.compression_opts.strategy: 0
2020/11/30-19:03:37.869220 11fc8ce00         Options.compression_opts.max_dict_bytes: 0
2020/11/30-19:03:37.869221 11fc8ce00         Options.compression_opts.zstd_max_train_bytes: 0
2020/11/30-19:03:37.869222 11fc8ce00         Options.compression_opts.parallel_threads: 1
2020/11/30-19:03:37.869223 11fc8ce00                  Options.compression_opts.enabled: false
2020/11/30-19:03:37.869224 11fc8ce00      Options.level0_file_num_compaction_trigger: 4
2020/11/30-19:03:37.869243 11fc8ce00          Options.level0_slowdown_writes_trigger: 20
2020/11/30-19:03:37.869244 11fc8ce00              Options.level0_stop_writes_trigger: 36
2020/11/30-19:03:37.869245 11fc8ce00                   Options.target_file_size_base: 67108864
2020/11/30-19:03:37.869246 11fc8ce00             Options.target_file_size_multiplier: 1
2020/11/30-19:03:37.869247 11fc8ce00                Options.max_bytes_for_level_base: 268435456
2020/11/30-19:03:37.869248 11fc8ce00 Options.level_compaction_dynamic_level_bytes: 0
2020/11/30-19:03:37.869249 11fc8ce00          Options.max_bytes_for_level_multiplier: 10.000000
2020/11/30-19:03:37.869250 11fc8ce00 Options.max_bytes_for_level_multiplier_addtl[0]: 1
2020/11/30-19:03:37.869251 11fc8ce00 Options.max_bytes_for_level_multiplier_addtl[1]: 1
2020/11/30-19:03:37.869252 11fc8ce00 Options.max_bytes_for_level_multiplier_addtl[2]: 1
2020/11/30-19:03:37.869253 11fc8ce00 Options.max_bytes_for_level_multiplier_addtl[3]: 1
2020/11/30-19:03:37.869254 11fc8ce00 Options.max_bytes_for_level_multiplier_addtl[4]: 1
2020/11/30-19:03:37.869255 11fc8ce00 Options.max_bytes_for_level_multiplier_addtl[5]: 1
2020/11/30-19:03:37.869256 11fc8ce00 Options.max_bytes_for_level_multiplier_addtl[6]: 1
2020/11/30-19:03:37.869257 11fc8ce00       Options.max_sequential_skip_in_iterations: 8
2020/11/30-19:03:37.869258 11fc8ce00                    Options.max_compaction_bytes: 1677721600
2020/11/30-19:03:37.869259 11fc8ce00                        Options.arena_block_size: 8388608
2020/11/30-19:03:37.869260 11fc8ce00   Options.soft_pending_compaction_bytes_limit: 68719476736
2020/11/30-19:03:37.869261 11fc8ce00   Options.hard_pending_compaction_bytes_limit: 274877906944
2020/11/30-19:03:37.869262 11fc8ce00       Options.rate_limit_delay_max_milliseconds: 100
2020/11/30-19:03:37.869263 11fc8ce00                Options.disable_auto_compactions: 0
2020/11/30-19:03:37.869264 11fc8ce00                        Options.compaction_style: kCompactionStyleLevel
2020/11/30-19:03:37.869265 11fc8ce00                          Options.compaction_pri: kMinOverlappingRatio
2020/11/30-19:03:37.869266 11fc8ce00 Options.compaction_options_universal.size_ratio: 1
2020/11/30-19:03:37.869267 11fc8ce00 Options.compaction_options_universal.min_merge_width: 2
2020/11/30-19:03:37.869268 11fc8ce00 Options.compaction_options_universal.max_merge_width: 4294967295
2020/11/30-19:03:37.869269 11fc8ce00 Options.compaction_options_universal.max_size_amplification_percent: 200
2020/11/30-19:03:37.869270 11fc8ce00 Options.compaction_options_universal.compression_size_percent: -1
2020/11/30-19:03:37.869271 11fc8ce00 Options.compaction_options_universal.stop_style: kCompactionStopStyleTotalSize
2020/11/30-19:03:37.869272 11fc8ce00 Options.compaction_options_fifo.max_table_files_size: 1073741824
2020/11/30-19:03:37.869280 11fc8ce00 Options.compaction_options_fifo.allow_compaction: 0
2020/11/30-19:03:37.869281 11fc8ce00                   Options.table_properties_collectors: 
