2020/11/30-19:31:20.719368 11464de00 RocksDB version: 6.11.4
2020/11/30-19:31:20.719426 11464de00 Git sha rocksdb_build_git_sha:@48bfca38f6f175435052a59791922a1a453d9609@
2020/11/30-19:31:20.719430 11464de00 Compile date Nov 30 2020
2020/11/30-19:31:20.719432 11464de00 DB SUMMARY
2020/11/30-19:31:20.719859 11464de00 CURRENT file:  CURRENT
2020/11/30-19:31:20.719861 11464de00 IDENTITY file:  IDENTITY
2020/11/30-19:31:20.719871 11464de00 MANIFEST file:  MANIFEST-000769 size: 825 Bytes
2020/11/30-19:31:20.719873 11464de00 SST files in ./database/alphanet dir, Total Num: 0, files: 
2020/11/30-19:31:20.719875 11464de00 Write Ahead Log file in ./database/alphanet: 000770.log size: 0 ; 
2020/11/30-19:31:20.719900 11464de00                         Options.error_if_exists: 0
2020/11/30-19:31:20.719902 11464de00                       Options.create_if_missing: 1
2020/11/30-19:31:20.719903 11464de00                         Options.paranoid_checks: 1
2020/11/30-19:31:20.719904 11464de00                                     Options.env: 0x10bc964b8
2020/11/30-19:31:20.719905 11464de00                                      Options.fs: Posix File System
2020/11/30-19:31:20.719906 11464de00                                Options.info_log: 0x7fa516c1ab20
2020/11/30-19:31:20.719907 11464de00                Options.max_file_opening_threads: 16
2020/11/30-19:31:20.719908 11464de00                              Options.statistics: 0x7fa516c19968
2020/11/30-19:31:20.719909 11464de00                               Options.use_fsync: 0
2020/11/30-19:31:20.719910 11464de00                       Options.max_log_file_size: 0
2020/11/30-19:31:20.719911 11464de00                  Options.max_manifest_file_size: 1073741824
2020/11/30-19:31:20.719912 11464de00                   Options.log_file_time_to_roll: 0
2020/11/30-19:31:20.719913 11464de00                       Options.keep_log_file_num: 1000
2020/11/30-19:31:20.719914 11464de00                    Options.recycle_log_file_num: 0
2020/11/30-19:31:20.719915 11464de00                         Options.allow_fallocate: 1
2020/11/30-19:31:20.719916 11464de00                        Options.allow_mmap_reads: 0
2020/11/30-19:31:20.719917 11464de00                       Options.allow_mmap_writes: 0
2020/11/30-19:31:20.719918 11464de00                        Options.use_direct_reads: 0
2020/11/30-19:31:20.719919 11464de00                        Options.use_direct_io_for_flush_and_compaction: 0
2020/11/30-19:31:20.719920 11464de00          Options.create_missing_column_families: 1
2020/11/30-19:31:20.719921 11464de00                              Options.db_log_dir: 
2020/11/30-19:31:20.719922 11464de00                                 Options.wal_dir: ./database/alphanet
2020/11/30-19:31:20.719923 11464de00                Options.table_cache_numshardbits: 6
2020/11/30-19:31:20.719923 11464de00                      Options.max_subcompactions: 1
2020/11/30-19:31:20.719924 11464de00                         Options.WAL_ttl_seconds: 0
2020/11/30-19:31:20.719925 11464de00                       Options.WAL_size_limit_MB: 0
2020/11/30-19:31:20.719926 11464de00                        Options.max_write_batch_group_size_bytes: 1048576
2020/11/30-19:31:20.719927 11464de00             Options.manifest_preallocation_size: 4194304
2020/11/30-19:31:20.719928 11464de00                     Options.is_fd_close_on_exec: 1
2020/11/30-19:31:20.719929 11464de00                   Options.advise_random_on_open: 1
2020/11/30-19:31:20.719930 11464de00                    Options.db_write_buffer_size: 0
2020/11/30-19:31:20.719931 11464de00                    Options.write_buffer_manager: 0x7fa516c1aa90
2020/11/30-19:31:20.719932 11464de00         Options.access_hint_on_compaction_start: 1
2020/11/30-19:31:20.719933 11464de00  Options.new_table_reader_for_compaction_inputs: 0
2020/11/30-19:31:20.719934 11464de00           Options.random_access_max_buffer_size: 1048576
2020/11/30-19:31:20.719935 11464de00                      Options.use_adaptive_mutex: 0
2020/11/30-19:31:20.719936 11464de00                            Options.rate_limiter: 0x0
2020/11/30-19:31:20.719937 11464de00     Options.sst_file_manager.rate_bytes_per_sec: 0
2020/11/30-19:31:20.719963 11464de00                       Options.wal_recovery_mode: 2
2020/11/30-19:31:20.719964 11464de00                  Options.enable_thread_tracking: 0
2020/11/30-19:31:20.719965 11464de00                  Options.enable_pipelined_write: 0
2020/11/30-19:31:20.719966 11464de00                  Options.unordered_write: 0
2020/11/30-19:31:20.719967 11464de00         Options.allow_concurrent_memtable_write: 1
2020/11/30-19:31:20.719968 11464de00      Options.enable_write_thread_adaptive_yield: 1
2020/11/30-19:31:20.719969 11464de00             Options.write_thread_max_yield_usec: 100
2020/11/30-19:31:20.719970 11464de00            Options.write_thread_slow_yield_usec: 3
2020/11/30-19:31:20.719971 11464de00                               Options.row_cache: None
2020/11/30-19:31:20.719972 11464de00                              Options.wal_filter: None
2020/11/30-19:31:20.719975 11464de00             Options.avoid_flush_during_recovery: 0
2020/11/30-19:31:20.719976 11464de00             Options.allow_ingest_behind: 0
2020/11/30-19:31:20.719977 11464de00             Options.preserve_deletes: 0
2020/11/30-19:31:20.719978 11464de00             Options.two_write_queues: 0
2020/11/30-19:31:20.719979 11464de00             Options.manual_wal_flush: 0
2020/11/30-19:31:20.719980 11464de00             Options.atomic_flush: 1
2020/11/30-19:31:20.719981 11464de00             Options.avoid_unnecessary_blocking_io: 0
2020/11/30-19:31:20.719982 11464de00                 Options.persist_stats_to_disk: 0
2020/11/30-19:31:20.719983 11464de00                 Options.write_dbid_to_manifest: 0
2020/11/30-19:31:20.719984 11464de00                 Options.log_readahead_size: 0
2020/11/30-19:31:20.719985 11464de00                 Options.file_checksum_gen_factory: Unknown
2020/11/30-19:31:20.719987 11464de00                 Options.best_efforts_recovery: 0
2020/11/30-19:31:20.719988 11464de00             Options.max_background_jobs: 12
2020/11/30-19:31:20.719989 11464de00             Options.max_background_compactions: -1
2020/11/30-19:31:20.719990 11464de00             Options.avoid_flush_during_shutdown: 0
2020/11/30-19:31:20.719991 11464de00           Options.writable_file_max_buffer_size: 1048576
2020/11/30-19:31:20.719992 11464de00             Options.delayed_write_rate : 16777216
2020/11/30-19:31:20.719993 11464de00             Options.max_total_wal_size: 0
2020/11/30-19:31:20.719994 11464de00             Options.delete_obsolete_files_period_micros: 21600000000
2020/11/30-19:31:20.719995 11464de00                   Options.stats_dump_period_sec: 600
2020/11/30-19:31:20.719997 11464de00                 Options.stats_persist_period_sec: 600
2020/11/30-19:31:20.719998 11464de00                 Options.stats_history_buffer_size: 1048576
2020/11/30-19:31:20.719999 11464de00                          Options.max_open_files: -1
2020/11/30-19:31:20.720000 11464de00                          Options.bytes_per_sync: 0
2020/11/30-19:31:20.720001 11464de00                      Options.wal_bytes_per_sync: 0
2020/11/30-19:31:20.720002 11464de00                   Options.strict_bytes_per_sync: 0
2020/11/30-19:31:20.720002 11464de00       Options.compaction_readahead_size: 0
2020/11/30-19:31:20.720003 11464de00                  Options.max_background_flushes: -1
2020/11/30-19:31:20.720004 11464de00 Compression algorithms supported:
2020/11/30-19:31:20.720006 11464de00 	kZSTD supported: 0
2020/11/30-19:31:20.720007 11464de00 	kZlibCompression supported: 0
2020/11/30-19:31:20.720008 11464de00 	kXpressCompression supported: 0
2020/11/30-19:31:20.720009 11464de00 	kSnappyCompression supported: 0
2020/11/30-19:31:20.720010 11464de00 	kZSTDNotFinalCompression supported: 0
2020/11/30-19:31:20.720011 11464de00 	kLZ4HCCompression supported: 0
2020/11/30-19:31:20.720012 11464de00 	kLZ4Compression supported: 0
2020/11/30-19:31:20.720013 11464de00 	kBZip2Compression supported: 0
2020/11/30-19:31:20.720016 11464de00 Fast CRC32 supported: Supported on x86
2020/11/30-19:31:20.720167 11464de00 [db/version_set.cc:4555] Recovering from manifest file: ./database/alphanet/MANIFEST-000769
2020/11/30-19:31:20.720242 11464de00 [db/column_family.cc:579] --------------- Options for column family [default]:
2020/11/30-19:31:20.720248 11464de00               Options.comparator: leveldb.BytewiseComparator
2020/11/30-19:31:20.720249 11464de00           Options.merge_operator: None
2020/11/30-19:31:20.720251 11464de00        Options.compaction_filter: None
2020/11/30-19:31:20.720252 11464de00        Options.compaction_filter_factory: None
2020/11/30-19:31:20.720253 11464de00         Options.memtable_factory: SkipListFactory
2020/11/30-19:31:20.720254 11464de00            Options.table_factory: BlockBasedTable
2020/11/30-19:31:20.720274 11464de00            table_factory options:   flush_block_policy_factory: FlushBlockBySizePolicyFactory (0x7fa516c191d0)
  cache_index_and_filter_blocks: 0
  cache_index_and_filter_blocks_with_high_priority: 1
  pin_l0_filter_and_index_blocks_in_cache: 0
  pin_top_level_index_and_filter: 1
  index_type: 0
  data_block_index_type: 0
  index_shortening: 1
  data_block_hash_table_util_ratio: 0.750000
  hash_index_allow_collision: 1
  checksum: 1
  no_block_cache: 0
  block_cache: 0x7fa516c19218
  block_cache_name: LRUCache
  block_cache_options:
    capacity : 8388608
    num_shard_bits : 4
    strict_capacity_limit : 0
    memory_allocator : None
    high_pri_pool_ratio: 0.000
  block_cache_compressed: 0x0
  persistent_cache: 0x0
  block_size: 4096
  block_size_deviation: 10
  block_restart_interval: 16
  index_block_restart_interval: 1
  metadata_block_size: 4096
  partition_filters: 0
  use_delta_encoding: 1
  filter_policy: nullptr
  whole_key_filtering: 1
  verify_compression: 0
  read_amp_bytes_per_bit: 0
  format_version: 4
  enable_index_compression: 1
  block_align: 0
2020/11/30-19:31:20.720278 11464de00        Options.write_buffer_size: 67108864
2020/11/30-19:31:20.720279 11464de00  Options.max_write_buffer_number: 2
2020/11/30-19:31:20.720280 11464de00          Options.compression: NoCompression
2020/11/30-19:31:20.720281 11464de00                  Options.bottommost_compression: Disabled
2020/11/30-19:31:20.720282 11464de00       Options.prefix_extractor: nullptr
2020/11/30-19:31:20.720283 11464de00   Options.memtable_insert_with_hint_prefix_extractor: nullptr
2020/11/30-19:31:20.720284 11464de00             Options.num_levels: 7
2020/11/30-19:31:20.720285 11464de00        Options.min_write_buffer_number_to_merge: 1
2020/11/30-19:31:20.720286 11464de00     Options.max_write_buffer_number_to_maintain: 0
2020/11/30-19:31:20.720287 11464de00     Options.max_write_buffer_size_to_maintain: 0
2020/11/30-19:31:20.720288 11464de00            Options.bottommost_compression_opts.window_bits: -14
2020/11/30-19:31:20.720289 11464de00                  Options.bottommost_compression_opts.level: 32767
2020/11/30-19:31:20.720290 11464de00               Options.bottommost_compression_opts.strategy: 0
2020/11/30-19:31:20.720291 11464de00         Options.bottommost_compression_opts.max_dict_bytes: 0
2020/11/30-19:31:20.720292 11464de00         Options.bottommost_compression_opts.zstd_max_train_bytes: 0
2020/11/30-19:31:20.720293 11464de00         Options.bottommost_compression_opts.parallel_threads: 1
2020/11/30-19:31:20.720294 11464de00                  Options.bottommost_compression_opts.enabled: false
2020/11/30-19:31:20.720295 11464de00            Options.compression_opts.window_bits: -14
2020/11/30-19:31:20.720296 11464de00                  Options.compression_opts.level: 32767
2020/11/30-19:31:20.720297 11464de00               Options.compression_opts.strategy: 0
2020/11/30-19:31:20.720298 11464de00         Options.compression_opts.max_dict_bytes: 0
2020/11/30-19:31:20.720299 11464de00         Options.compression_opts.zstd_max_train_bytes: 0
2020/11/30-19:31:20.720300 11464de00         Options.compression_opts.parallel_threads: 1
2020/11/30-19:31:20.720301 11464de00                  Options.compression_opts.enabled: false
2020/11/30-19:31:20.720302 11464de00      Options.level0_file_num_compaction_trigger: 4
2020/11/30-19:31:20.720303 11464de00          Options.level0_slowdown_writes_trigger: 20
2020/11/30-19:31:20.720323 11464de00              Options.level0_stop_writes_trigger: 36
2020/11/30-19:31:20.720325 11464de00                   Options.target_file_size_base: 67108864
2020/11/30-19:31:20.720326 11464de00             Options.target_file_size_multiplier: 1
2020/11/30-19:31:20.720327 11464de00                Options.max_bytes_for_level_base: 268435456
2020/11/30-19:31:20.720328 11464de00 Options.level_compaction_dynamic_level_bytes: 0
2020/11/30-19:31:20.720329 11464de00          Options.max_bytes_for_level_multiplier: 10.000000
2020/11/30-19:31:20.720330 11464de00 Options.max_bytes_for_level_multiplier_addtl[0]: 1
2020/11/30-19:31:20.720331 11464de00 Options.max_bytes_for_level_multiplier_addtl[1]: 1
2020/11/30-19:31:20.720332 11464de00 Options.max_bytes_for_level_multiplier_addtl[2]: 1
2020/11/30-19:31:20.720333 11464de00 Options.max_bytes_for_level_multiplier_addtl[3]: 1
2020/11/30-19:31:20.720334 11464de00 Options.max_bytes_for_level_multiplier_addtl[4]: 1
2020/11/30-19:31:20.720335 11464de00 Options.max_bytes_for_level_multiplier_addtl[5]: 1
2020/11/30-19:31:20.720336 11464de00 Options.max_bytes_for_level_multiplier_addtl[6]: 1
2020/11/30-19:31:20.720337 11464de00       Options.max_sequential_skip_in_iterations: 8
2020/11/30-19:31:20.720338 11464de00                    Options.max_compaction_bytes: 1677721600
2020/11/30-19:31:20.720339 11464de00                        Options.arena_block_size: 8388608
2020/11/30-19:31:20.720340 11464de00   Options.soft_pending_compaction_bytes_limit: 68719476736
2020/11/30-19:31:20.720341 11464de00   Options.hard_pending_compaction_bytes_limit: 274877906944
2020/11/30-19:31:20.720342 11464de00       Options.rate_limit_delay_max_milliseconds: 100
2020/11/30-19:31:20.720343 11464de00                Options.disable_auto_compactions: 0
2020/11/30-19:31:20.720344 11464de00                        Options.compaction_style: kCompactionStyleLevel
2020/11/30-19:31:20.720345 11464de00                          Options.compaction_pri: kMinOverlappingRatio
2020/11/30-19:31:20.720346 11464de00 Options.compaction_options_universal.size_ratio: 1
2020/11/30-19:31:20.720347 11464de00 Options.compaction_options_universal.min_merge_width: 2
2020/11/30-19:31:20.720348 11464de00 Options.compaction_options_universal.max_merge_width: 4294967295
2020/11/30-19:31:20.720349 11464de00 Options.compaction_options_universal.max_size_amplification_percent: 200
2020/11/30-19:31:20.720350 11464de00 Options.compaction_options_universal.compression_size_percent: -1
2020/11/30-19:31:20.720352 11464de00 Options.compaction_options_universal.stop_style: kCompactionStopStyleTotalSize
2020/11/30-19:31:20.720353 11464de00 Options.compaction_options_fifo.max_table_files_size: 1073741824
2020/11/30-19:31:20.720354 11464de00 Options.compaction_options_fifo.allow_compaction: 0
2020/11/30-19:31:20.720361 11464de00                   Options.table_properties_collectors: 
2020/11/30-19:31:20.720362 11464de00                   Options.inplace_update_support: 0
2020/11/30-19:31:20.720363 11464de00                 Options.inplace_update_num_locks: 10000
2020/11/30-19:31:20.720364 11464de00               Options.memtable_prefix_bloom_size_ratio: 0.000000
2020/11/30-19:31:20.720365 11464de00               Options.memtable_whole_key_filtering: 0
2020/11/30-19:31:20.720366 11464de00   Options.memtable_huge_page_size: 0
2020/11/30-19:31:20.720367 11464de00                           Options.bloom_locality: 0
2020/11/30-19:31:20.720368 11464de00                    Options.max_successive_merges: 0
2020/11/30-19:31:20.720369 11464de00                Options.optimize_filters_for_hits: 0
2020/11/30-19:31:20.720370 11464de00                Options.paranoid_file_checks: 0
2020/11/30-19:31:20.720371 11464de00                Options.force_consistency_checks: 0
2020/11/30-19:31:20.720372 11464de00                Options.report_bg_io_stats: 0
2020/11/30-19:31:20.720373 11464de00                               Options.ttl: 2592000
2020/11/30-19:31:20.720374 11464de00          Options.periodic_compaction_seconds: 0
2020/11/30-19:31:20.720486 11464de00 [db/column_family.cc:579] --------------- Options for column family [message_id_to_message]:
2020/11/30-19:31:20.720489 11464de00               Options.comparator: leveldb.BytewiseComparator
2020/11/30-19:31:20.720490 11464de00           Options.merge_operator: None
2020/11/30-19:31:20.720491 11464de00        Options.compaction_filter: None
2020/11/30-19:31:20.720492 11464de00        Options.compaction_filter_factory: None
2020/11/30-19:31:20.720493 11464de00         Options.memtable_factory: SkipListFactory
2020/11/30-19:31:20.720494 11464de00            Options.table_factory: BlockBasedTable
2020/11/30-19:31:20.720510 11464de00            table_factory options:   flush_block_policy_factory: FlushBlockBySizePolicyFactory (0x7fa516c12520)
  cache_index_and_filter_blocks: 0
  cache_index_and_filter_blocks_with_high_priority: 1
  pin_l0_filter_and_index_blocks_in_cache: 0
  pin_top_level_index_and_filter: 1
  index_type: 0
  data_block_index_type: 0
  index_shortening: 1
  data_block_hash_table_util_ratio: 0.750000
  hash_index_allow_collision: 1
  checksum: 1
  no_block_cache: 0
  block_cache: 0x7fa516c134a8
  block_cache_name: LRUCache
  block_cache_options:
    capacity : 8388608
    num_shard_bits : 4
    strict_capacity_limit : 0
    memory_allocator : None
    high_pri_pool_ratio: 0.000
  block_cache_compressed: 0x0
  persistent_cache: 0x0
  block_size: 4096
  block_size_deviation: 10
  block_restart_interval: 16
  index_block_restart_interval: 1
  metadata_block_size: 4096
  partition_filters: 0
  use_delta_encoding: 1
  filter_policy: nullptr
  whole_key_filtering: 1
  verify_compression: 0
  read_amp_bytes_per_bit: 0
  format_version: 4
  enable_index_compression: 1
  block_align: 0
2020/11/30-19:31:20.720512 11464de00        Options.write_buffer_size: 67108864
2020/11/30-19:31:20.720513 11464de00  Options.max_write_buffer_number: 2
2020/11/30-19:31:20.720514 11464de00          Options.compression: NoCompression
2020/11/30-19:31:20.720515 11464de00                  Options.bottommost_compression: Disabled
2020/11/30-19:31:20.720516 11464de00       Options.prefix_extractor: nullptr
2020/11/30-19:31:20.720517 11464de00   Options.memtable_insert_with_hint_prefix_extractor: nullptr
2020/11/30-19:31:20.720518 11464de00             Options.num_levels: 7
2020/11/30-19:31:20.720519 11464de00        Options.min_write_buffer_number_to_merge: 1
2020/11/30-19:31:20.720520 11464de00     Options.max_write_buffer_number_to_maintain: 0
2020/11/30-19:31:20.720521 11464de00     Options.max_write_buffer_size_to_maintain: 0
2020/11/30-19:31:20.720522 11464de00            Options.bottommost_compression_opts.window_bits: -14
2020/11/30-19:31:20.720523 11464de00                  Options.bottommost_compression_opts.level: 32767
2020/11/30-19:31:20.720524 11464de00               Options.bottommost_compression_opts.strategy: 0
2020/11/30-19:31:20.720525 11464de00         Options.bottommost_compression_opts.max_dict_bytes: 0
2020/11/30-19:31:20.720526 11464de00         Options.bottommost_compression_opts.zstd_max_train_bytes: 0
2020/11/30-19:31:20.720527 11464de00         Options.bottommost_compression_opts.parallel_threads: 1
2020/11/30-19:31:20.720528 11464de00                  Options.bottommost_compression_opts.enabled: false
2020/11/30-19:31:20.720529 11464de00            Options.compression_opts.window_bits: -14
2020/11/30-19:31:20.720530 11464de00                  Options.compression_opts.level: 32767
2020/11/30-19:31:20.720531 11464de00               Options.compression_opts.strategy: 0
2020/11/30-19:31:20.720532 11464de00         Options.compression_opts.max_dict_bytes: 0
2020/11/30-19:31:20.720533 11464de00         Options.compression_opts.zstd_max_train_bytes: 0
2020/11/30-19:31:20.720534 11464de00         Options.compression_opts.parallel_threads: 1
2020/11/30-19:31:20.720535 11464de00                  Options.compression_opts.enabled: false
2020/11/30-19:31:20.720536 11464de00      Options.level0_file_num_compaction_trigger: 4
2020/11/30-19:31:20.720536 11464de00          Options.level0_slowdown_writes_trigger: 20
2020/11/30-19:31:20.720556 11464de00              Options.level0_stop_writes_trigger: 36
2020/11/30-19:31:20.720557 11464de00                   Options.target_file_size_base: 67108864
2020/11/30-19:31:20.720558 11464de00             Options.target_file_size_multiplier: 1
2020/11/30-19:31:20.720559 11464de00                Options.max_bytes_for_level_base: 268435456
2020/11/30-19:31:20.720560 11464de00 Options.level_compaction_dynamic_level_bytes: 0
2020/11/30-19:31:20.720561 11464de00          Options.max_bytes_for_level_multiplier: 10.000000
2020/11/30-19:31:20.720562 11464de00 Options.max_bytes_for_level_multiplier_addtl[0]: 1
2020/11/30-19:31:20.720563 11464de00 Options.max_bytes_for_level_multiplier_addtl[1]: 1
2020/11/30-19:31:20.720564 11464de00 Options.max_bytes_for_level_multiplier_addtl[2]: 1
2020/11/30-19:31:20.720565 11464de00 Options.max_bytes_for_level_multiplier_addtl[3]: 1
2020/11/30-19:31:20.720566 11464de00 Options.max_bytes_for_level_multiplier_addtl[4]: 1
2020/11/30-19:31:20.720567 11464de00 Options.max_bytes_for_level_multiplier_addtl[5]: 1
2020/11/30-19:31:20.720568 11464de00 Options.max_bytes_for_level_multiplier_addtl[6]: 1
2020/11/30-19:31:20.720569 11464de00       Options.max_sequential_skip_in_iterations: 8
2020/11/30-19:31:20.720570 11464de00                    Options.max_compaction_bytes: 1677721600
2020/11/30-19:31:20.720571 11464de00                        Options.arena_block_size: 8388608
2020/11/30-19:31:20.720572 11464de00   Options.soft_pending_compaction_bytes_limit: 68719476736
2020/11/30-19:31:20.720573 11464de00   Options.hard_pending_compaction_bytes_limit: 274877906944
2020/11/30-19:31:20.720574 11464de00       Options.rate_limit_delay_max_milliseconds: 100
2020/11/30-19:31:20.720575 11464de00                Options.disable_auto_compactions: 0
2020/11/30-19:31:20.720576 11464de00                        Options.compaction_style: kCompactionStyleLevel
2020/11/30-19:31:20.720577 11464de00                          Options.compaction_pri: kMinOverlappingRatio
2020/11/30-19:31:20.720578 11464de00 Options.compaction_options_universal.size_ratio: 1
2020/11/30-19:31:20.720579 11464de00 Options.compaction_options_universal.min_merge_width: 2
2020/11/30-19:31:20.720580 11464de00 Options.compaction_options_universal.max_merge_width: 4294967295
2020/11/30-19:31:20.720581 11464de00 Options.compaction_options_universal.max_size_amplification_percent: 200
2020/11/30-19:31:20.720582 11464de00 Options.compaction_options_universal.compression_size_percent: -1
2020/11/30-19:31:20.720583 11464de00 Options.compaction_options_universal.stop_style: kCompactionStopStyleTotalSize
2020/11/30-19:31:20.720584 11464de00 Options.compaction_options_fifo.max_table_files_size: 1073741824
2020/11/30-19:31:20.720585 11464de00 Options.compaction_options_fifo.allow_compaction: 0
2020/11/30-19:31:20.720587 11464de00                   Options.table_properties_collectors: 
2020/11/30-19:31:20.720588 11464de00                   Options.inplace_update_support: 0
2020/11/30-19:31:20.720589 11464de00                 Options.inplace_update_num_locks: 10000
2020/11/30-19:31:20.720590 11464de00               Options.memtable_prefix_bloom_size_ratio: 0.000000
2020/11/30-19:31:20.720591 11464de00               Options.memtable_whole_key_filtering: 0
2020/11/30-19:31:20.720592 11464de00   Options.memtable_huge_page_size: 0
2020/11/30-19:31:20.720593 11464de00                           Options.bloom_locality: 0
2020/11/30-19:31:20.720594 11464de00                    Options.max_successive_merges: 0
2020/11/30-19:31:20.720595 11464de00                Options.optimize_filters_for_hits: 0
2020/11/30-19:31:20.720596 11464de00                Options.paranoid_file_checks: 0
2020/11/30-19:31:20.720597 11464de00                Options.force_consistency_checks: 0
2020/11/30-19:31:20.720597 11464de00                Options.report_bg_io_stats: 0
2020/11/30-19:31:20.720598 11464de00                               Options.ttl: 2592000
2020/11/30-19:31:20.720599 11464de00          Options.periodic_compaction_seconds: 0
2020/11/30-19:31:20.720648 11464de00 [db/column_family.cc:579] --------------- Options for column family [message_id_to_message_id]:
2020/11/30-19:31:20.720650 11464de00               Options.comparator: leveldb.BytewiseComparator
2020/11/30-19:31:20.720651 11464de00           Options.merge_operator: None
2020/11/30-19:31:20.720652 11464de00        Options.compaction_filter: None
2020/11/30-19:31:20.720653 11464de00        Options.compaction_filter_factory: None
2020/11/30-19:31:20.720654 11464de00         Options.memtable_factory: SkipListFactory
2020/11/30-19:31:20.720655 11464de00            Options.table_factory: BlockBasedTable
2020/11/30-19:31:20.720665 11464de00            table_factory options:   flush_block_policy_factory: FlushBlockBySizePolicyFactory (0x7fa516c14ae0)
  cache_index_and_filter_blocks: 0
  cache_index_and_filter_blocks_with_high_priority: 1
  pin_l0_filter_and_index_blocks_in_cache: 0
  pin_top_level_index_and_filter: 1
  index_type: 0
  data_block_index_type: 0
  index_shortening: 1
  data_block_hash_table_util_ratio: 0.750000
  hash_index_allow_collision: 1
  checksum: 1
  no_block_cache: 0
  block_cache: 0x7fa516c14b28
  block_cache_name: LRUCache
  block_cache_options:
    capacity : 8388608
    num_shard_bits : 4
    strict_capacity_limit : 0
    memory_allocator : None
    high_pri_pool_ratio: 0.000
  block_cache_compressed: 0x0
  persistent_cache: 0x0
  block_size: 4096
  block_size_deviation: 10
  block_restart_interval: 16
  index_block_restart_interval: 1
  metadata_block_size: 4096
  partition_filters: 0
  use_delta_encoding: 1
  filter_policy: nullptr
  whole_key_filtering: 1
  verify_compression: 0
  read_amp_bytes_per_bit: 0
  format_version: 4
  enable_index_compression: 1
  block_align: 0
2020/11/30-19:31:20.720666 11464de00        Options.write_buffer_size: 67108864
2020/11/30-19:31:20.720667 11464de00  Options.max_write_buffer_number: 2
2020/11/30-19:31:20.720668 11464de00          Options.compression: NoCompression
2020/11/30-19:31:20.720669 11464de00                  Options.bottommost_compression: Disabled
2020/11/30-19:31:20.720670 11464de00       Options.prefix_extractor: rocksdb.FixedPrefix.32
2020/11/30-19:31:20.720671 11464de00   Options.memtable_insert_with_hint_prefix_extractor: nullptr
2020/11/30-19:31:20.720672 11464de00             Options.num_levels: 7
2020/11/30-19:31:20.720673 11464de00        Options.min_write_buffer_number_to_merge: 1
2020/11/30-19:31:20.720674 11464de00     Options.max_write_buffer_number_to_maintain: 0
2020/11/30-19:31:20.720675 11464de00     Options.max_write_buffer_size_to_maintain: 0
2020/11/30-19:31:20.720676 11464de00            Options.bottommost_compression_opts.window_bits: -14
2020/11/30-19:31:20.720677 11464de00                  Options.bottommost_compression_opts.level: 32767
2020/11/30-19:31:20.720678 11464de00               Options.bottommost_compression_opts.strategy: 0
2020/11/30-19:31:20.720679 11464de00         Options.bottommost_compression_opts.max_dict_bytes: 0
2020/11/30-19:31:20.720680 11464de00         Options.bottommost_compression_opts.zstd_max_train_bytes: 0
2020/11/30-19:31:20.720681 11464de00         Options.bottommost_compression_opts.parallel_threads: 1
2020/11/30-19:31:20.720682 11464de00                  Options.bottommost_compression_opts.enabled: false
2020/11/30-19:31:20.720683 11464de00            Options.compression_opts.window_bits: -14
2020/11/30-19:31:20.720684 11464de00                  Options.compression_opts.level: 32767
2020/11/30-19:31:20.720685 11464de00               Options.compression_opts.strategy: 0
2020/11/30-19:31:20.720686 11464de00         Options.compression_opts.max_dict_bytes: 0
2020/11/30-19:31:20.720687 11464de00         Options.compression_opts.zstd_max_train_bytes: 0
2020/11/30-19:31:20.720688 11464de00         Options.compression_opts.parallel_threads: 1
2020/11/30-19:31:20.720689 11464de00                  Options.compression_opts.enabled: false
2020/11/30-19:31:20.720690 11464de00      Options.level0_file_num_compaction_trigger: 4
2020/11/30-19:31:20.720691 11464de00          Options.level0_slowdown_writes_trigger: 20
2020/11/30-19:31:20.720709 11464de00              Options.level0_stop_writes_trigger: 36
2020/11/30-19:31:20.720710 11464de00                   Options.target_file_size_base: 67108864
2020/11/30-19:31:20.720711 11464de00             Options.target_file_size_multiplier: 1
2020/11/30-19:31:20.720712 11464de00                Options.max_bytes_for_level_base: 268435456
2020/11/30-19:31:20.720713 11464de00 Options.level_compaction_dynamic_level_bytes: 0
2020/11/30-19:31:20.720714 11464de00          Options.max_bytes_for_level_multiplier: 10.000000
2020/11/30-19:31:20.720715 11464de00 Options.max_bytes_for_level_multiplier_addtl[0]: 1
2020/11/30-19:31:20.720716 11464de00 Options.max_bytes_for_level_multiplier_addtl[1]: 1
2020/11/30-19:31:20.720717 11464de00 Options.max_bytes_for_level_multiplier_addtl[2]: 1
2020/11/30-19:31:20.720718 11464de00 Options.max_bytes_for_level_multiplier_addtl[3]: 1
2020/11/30-19:31:20.720719 11464de00 Options.max_bytes_for_level_multiplier_addtl[4]: 1
2020/11/30-19:31:20.720720 11464de00 Options.max_bytes_for_level_multiplier_addtl[5]: 1
2020/11/30-19:31:20.720721 11464de00 Options.max_bytes_for_level_multiplier_addtl[6]: 1
2020/11/30-19:31:20.720722 11464de00       Options.max_sequential_skip_in_iterations: 8
2020/11/30-19:31:20.720723 11464de00                    Options.max_compaction_bytes: 1677721600
2020/11/30-19:31:20.720724 11464de00                        Options.arena_block_size: 8388608
2020/11/30-19:31:20.720725 11464de00   Options.soft_pending_compaction_bytes_limit: 68719476736
2020/11/30-19:31:20.720726 11464de00   Options.hard_pending_compaction_bytes_limit: 274877906944
2020/11/30-19:31:20.720727 11464de00       Options.rate_limit_delay_max_milliseconds: 100
2020/11/30-19:31:20.720728 11464de00                Options.disable_auto_compactions: 0
2020/11/30-19:31:20.720729 11464de00                        Options.compaction_style: kCompactionStyleLevel
2020/11/30-19:31:20.720730 11464de00                          Options.compaction_pri: kMinOverlappingRatio
2020/11/30-19:31:20.720731 11464de00 Options.compaction_options_universal.size_ratio: 1
2020/11/30-19:31:20.720732 11464de00 Options.compaction_options_universal.min_merge_width: 2
2020/11/30-19:31:20.720733 11464de00 Options.compaction_options_universal.max_merge_width: 4294967295
2020/11/30-19:31:20.720734 11464de00 Options.compaction_options_universal.max_size_amplification_percent: 200
2020/11/30-19:31:20.720735 11464de00 Options.compaction_options_universal.compression_size_percent: -1
2020/11/30-19:31:20.720736 11464de00 Options.compaction_options_universal.stop_style: kCompactionStopStyleTotalSize
2020/11/30-19:31:20.720737 11464de00 Options.compaction_options_fifo.max_table_files_size: 1073741824
2020/11/30-19:31:20.720738 11464de00 Options.compaction_options_fifo.allow_compaction: 0
2020/11/30-19:31:20.720739 11464de00                   Options.table_properties_collectors: 
2020/11/30-19:31:20.720740 11464de00                   Options.inplace_update_support: 0
2020/11/30-19:31:20.720741 11464de00                 Options.inplace_update_num_locks: 10000
2020/11/30-19:31:20.720742 11464de00               Options.memtable_prefix_bloom_size_ratio: 0.000000
2020/11/30-19:31:20.720743 11464de00               Options.memtable_whole_key_filtering: 0
2020/11/30-19:31:20.720744 11464de00   Options.memtable_huge_page_size: 0
2020/11/30-19:31:20.720745 11464de00                           Options.bloom_locality: 0
2020/11/30-19:31:20.720746 11464de00                    Options.max_successive_merges: 0
2020/11/30-19:31:20.720747 11464de00                Options.optimize_filters_for_hits: 0
2020/11/30-19:31:20.720748 11464de00                Options.paranoid_file_checks: 0
2020/11/30-19:31:20.720749 11464de00                Options.force_consistency_checks: 0
2020/11/30-19:31:20.720750 11464de00                Options.report_bg_io_stats: 0
2020/11/30-19:31:20.720751 11464de00                               Options.ttl: 2592000
2020/11/30-19:31:20.720752 11464de00          Options.periodic_compaction_seconds: 0
2020/11/30-19:31:20.720803 11464de00 [db/column_family.cc:579] --------------- Options for column family [index_to_message_id]:
2020/11/30-19:31:20.720805 11464de00               Options.comparator: leveldb.BytewiseComparator
2020/11/30-19:31:20.720806 11464de00           Options.merge_operator: None
2020/11/30-19:31:20.720807 11464de00        Options.compaction_filter: None
2020/11/30-19:31:20.720808 11464de00        Options.compaction_filter_factory: None
2020/11/30-19:31:20.720809 11464de00         Options.memtable_factory: SkipListFactory
2020/11/30-19:31:20.720810 11464de00            Options.table_factory: BlockBasedTable
2020/11/30-19:31:20.720826 11464de00            table_factory options:   flush_block_policy_factory: FlushBlockBySizePolicyFactory (0x7fa516c156d0)
  cache_index_and_filter_blocks: 0
  cache_index_and_filter_blocks_with_high_priority: 1
  pin_l0_filter_and_index_blocks_in_cache: 0
  pin_top_level_index_and_filter: 1
  index_type: 0
  data_block_index_type: 0
  index_shortening: 1
  data_block_hash_table_util_ratio: 0.750000
  hash_index_allow_collision: 1
  checksum: 1
  no_block_cache: 0
  block_cache: 0x7fa516c15718
  block_cache_name: LRUCache
  block_cache_options:
    capacity : 8388608
    num_shard_bits : 4
    strict_capacity_limit : 0
    memory_allocator : None
    high_pri_pool_ratio: 0.000
  block_cache_compressed: 0x0
  persistent_cache: 0x0
  block_size: 4096
  block_size_deviation: 10
  block_restart_interval: 16
  index_block_restart_interval: 1
  metadata_block_size: 4096
  partition_filters: 0
  use_delta_encoding: 1
  filter_policy: nullptr
  whole_key_filtering: 1
  verify_compression: 0
  read_amp_bytes_per_bit: 0
  format_version: 4
  enable_index_compression: 1
  block_align: 0
2020/11/30-19:31:20.720827 11464de00        Options.write_buffer_size: 67108864
2020/11/30-19:31:20.720828 11464de00  Options.max_write_buffer_number: 2
2020/11/30-19:31:20.720829 11464de00          Options.compression: NoCompression
2020/11/30-19:31:20.720830 11464de00                  Options.bottommost_compression: Disabled
2020/11/30-19:31:20.720831 11464de00       Options.prefix_extractor: rocksdb.FixedPrefix.32
2020/11/30-19:31:20.720832 11464de00   Options.memtable_insert_with_hint_prefix_extractor: nullptr
2020/11/30-19:31:20.720833 11464de00             Options.num_levels: 7
2020/11/30-19:31:20.720834 11464de00        Options.min_write_buffer_number_to_merge: 1
2020/11/30-19:31:20.720835 11464de00     Options.max_write_buffer_number_to_maintain: 0
2020/11/30-19:31:20.720836 11464de00     Options.max_write_buffer_size_to_maintain: 0
2020/11/30-19:31:20.720837 11464de00            Options.bottommost_compression_opts.window_bits: -14
2020/11/30-19:31:20.720838 11464de00                  Options.bottommost_compression_opts.level: 32767
2020/11/30-19:31:20.720839 11464de00               Options.bottommost_compression_opts.strategy: 0
2020/11/30-19:31:20.720840 11464de00         Options.bottommost_compression_opts.max_dict_bytes: 0
2020/11/30-19:31:20.720841 11464de00         Options.bottommost_compression_opts.zstd_max_train_bytes: 0
2020/11/30-19:31:20.720842 11464de00         Options.bottommost_compression_opts.parallel_threads: 1
2020/11/30-19:31:20.720843 11464de00                  Options.bottommost_compression_opts.enabled: false
2020/11/30-19:31:20.720844 11464de00            Options.compression_opts.window_bits: -14
2020/11/30-19:31:20.720845 11464de00                  Options.compression_opts.level: 32767
2020/11/30-19:31:20.720846 11464de00               Options.compression_opts.strategy: 0
2020/11/30-19:31:20.720846 11464de00         Options.compression_opts.max_dict_bytes: 0
2020/11/30-19:31:20.720847 11464de00         Options.compression_opts.zstd_max_train_bytes: 0
2020/11/30-19:31:20.720848 11464de00         Options.compression_opts.parallel_threads: 1
2020/11/30-19:31:20.720849 11464de00                  Options.compression_opts.enabled: false
2020/11/30-19:31:20.720850 11464de00      Options.level0_file_num_compaction_trigger: 4
2020/11/30-19:31:20.720868 11464de00          Options.level0_slowdown_writes_trigger: 20
2020/11/30-19:31:20.720869 11464de00              Options.level0_stop_writes_trigger: 36
2020/11/30-19:31:20.720870 11464de00                   Options.target_file_size_base: 67108864
2020/11/30-19:31:20.720871 11464de00             Options.target_file_size_multiplier: 1
2020/11/30-19:31:20.720872 11464de00                Options.max_bytes_for_level_base: 268435456
2020/11/30-19:31:20.720873 11464de00 Options.level_compaction_dynamic_level_bytes: 0
2020/11/30-19:31:20.720874 11464de00          Options.max_bytes_for_level_multiplier: 10.000000
2020/11/30-19:31:20.720875 11464de00 Options.max_bytes_for_level_multiplier_addtl[0]: 1
2020/11/30-19:31:20.720876 11464de00 Options.max_bytes_for_level_multiplier_addtl[1]: 1
2020/11/30-19:31:20.720877 11464de00 Options.max_bytes_for_level_multiplier_addtl[2]: 1
2020/11/30-19:31:20.720878 11464de00 Options.max_bytes_for_level_multiplier_addtl[3]: 1
2020/11/30-19:31:20.720879 11464de00 Options.max_bytes_for_level_multiplier_addtl[4]: 1
2020/11/30-19:31:20.720880 11464de00 Options.max_bytes_for_level_multiplier_addtl[5]: 1
2020/11/30-19:31:20.720881 11464de00 Options.max_bytes_for_level_multiplier_addtl[6]: 1
2020/11/30-19:31:20.720882 11464de00       Options.max_sequential_skip_in_iterations: 8
2020/11/30-19:31:20.720883 11464de00                    Options.max_compaction_bytes: 1677721600
2020/11/30-19:31:20.720884 11464de00                        Options.arena_block_size: 8388608
2020/11/30-19:31:20.720885 11464de00   Options.soft_pending_compaction_bytes_limit: 68719476736
2020/11/30-19:31:20.720886 11464de00   Options.hard_pending_compaction_bytes_limit: 274877906944
2020/11/30-19:31:20.720887 11464de00       Options.rate_limit_delay_max_milliseconds: 100
2020/11/30-19:31:20.720888 11464de00                Options.disable_auto_compactions: 0
2020/11/30-19:31:20.720889 11464de00                        Options.compaction_style: kCompactionStyleLevel
2020/11/30-19:31:20.720890 11464de00                          Options.compaction_pri: kMinOverlappingRatio
2020/11/30-19:31:20.720891 11464de00 Options.compaction_options_universal.size_ratio: 1
2020/11/30-19:31:20.720892 11464de00 Options.compaction_options_universal.min_merge_width: 2
2020/11/30-19:31:20.720893 11464de00 Options.compaction_options_universal.max_merge_width: 4294967295
2020/11/30-19:31:20.720894 11464de00 Options.compaction_options_universal.max_size_amplification_percent: 200
2020/11/30-19:31:20.720895 11464de00 Options.compaction_options_universal.compression_size_percent: -1
2020/11/30-19:31:20.720897 11464de00 Options.compaction_options_universal.stop_style: kCompactionStopStyleTotalSize
2020/11/30-19:31:20.720898 11464de00 Options.compaction_options_fifo.max_table_files_size: 1073741824
2020/11/30-19:31:20.720898 11464de00 Options.compaction_options_fifo.allow_compaction: 0
2020/11/30-19:31:20.720900 11464de00                   Options.table_properties_collectors: 
