2020/11/28-15:40:04.126601 116bbce00 RocksDB version: 6.11.4
2020/11/28-15:40:04.126683 116bbce00 Git sha rocksdb_build_git_sha:@48bfca38f6f175435052a59791922a1a453d9609@
2020/11/28-15:40:04.126686 116bbce00 Compile date Nov 27 2020
2020/11/28-15:40:04.126687 116bbce00 DB SUMMARY
2020/11/28-15:40:04.126820 116bbce00 CURRENT file:  CURRENT
2020/11/28-15:40:04.126823 116bbce00 IDENTITY file:  IDENTITY
2020/11/28-15:40:04.126829 116bbce00 MANIFEST file:  MANIFEST-000169 size: 825 Bytes
2020/11/28-15:40:04.126831 116bbce00 SST files in ./database/alphanet dir, Total Num: 0, files: 
2020/11/28-15:40:04.126832 116bbce00 Write Ahead Log file in ./database/alphanet: 000170.log size: 0 ; 
2020/11/28-15:40:04.126839 116bbce00                         Options.error_if_exists: 0
2020/11/28-15:40:04.126841 116bbce00                       Options.create_if_missing: 1
2020/11/28-15:40:04.126842 116bbce00                         Options.paranoid_checks: 1
2020/11/28-15:40:04.126843 116bbce00                                     Options.env: 0x10a267458
2020/11/28-15:40:04.126844 116bbce00                                      Options.fs: Posix File System
2020/11/28-15:40:04.126845 116bbce00                                Options.info_log: 0x7fdb44c29f30
2020/11/28-15:40:04.126846 116bbce00                Options.max_file_opening_threads: 16
2020/11/28-15:40:04.126847 116bbce00                              Options.statistics: 0x7fdb44c28d68
2020/11/28-15:40:04.126848 116bbce00                               Options.use_fsync: 0
2020/11/28-15:40:04.126849 116bbce00                       Options.max_log_file_size: 0
2020/11/28-15:40:04.126850 116bbce00                  Options.max_manifest_file_size: 1073741824
2020/11/28-15:40:04.126851 116bbce00                   Options.log_file_time_to_roll: 0
2020/11/28-15:40:04.126852 116bbce00                       Options.keep_log_file_num: 1000
2020/11/28-15:40:04.126853 116bbce00                    Options.recycle_log_file_num: 0
2020/11/28-15:40:04.126854 116bbce00                         Options.allow_fallocate: 1
2020/11/28-15:40:04.126855 116bbce00                        Options.allow_mmap_reads: 0
2020/11/28-15:40:04.126856 116bbce00                       Options.allow_mmap_writes: 0
2020/11/28-15:40:04.126857 116bbce00                        Options.use_direct_reads: 0
2020/11/28-15:40:04.126858 116bbce00                        Options.use_direct_io_for_flush_and_compaction: 0
2020/11/28-15:40:04.126859 116bbce00          Options.create_missing_column_families: 1
2020/11/28-15:40:04.126860 116bbce00                              Options.db_log_dir: 
2020/11/28-15:40:04.126861 116bbce00                                 Options.wal_dir: ./database/alphanet
2020/11/28-15:40:04.126862 116bbce00                Options.table_cache_numshardbits: 6
2020/11/28-15:40:04.126863 116bbce00                      Options.max_subcompactions: 1
2020/11/28-15:40:04.126864 116bbce00                         Options.WAL_ttl_seconds: 0
2020/11/28-15:40:04.126865 116bbce00                       Options.WAL_size_limit_MB: 0
2020/11/28-15:40:04.126866 116bbce00                        Options.max_write_batch_group_size_bytes: 1048576
2020/11/28-15:40:04.126867 116bbce00             Options.manifest_preallocation_size: 4194304
2020/11/28-15:40:04.126868 116bbce00                     Options.is_fd_close_on_exec: 1
2020/11/28-15:40:04.126869 116bbce00                   Options.advise_random_on_open: 1
2020/11/28-15:40:04.126870 116bbce00                    Options.db_write_buffer_size: 0
2020/11/28-15:40:04.126871 116bbce00                    Options.write_buffer_manager: 0x7fdb44c29ea0
2020/11/28-15:40:04.126872 116bbce00         Options.access_hint_on_compaction_start: 1
2020/11/28-15:40:04.126873 116bbce00  Options.new_table_reader_for_compaction_inputs: 0
2020/11/28-15:40:04.126874 116bbce00           Options.random_access_max_buffer_size: 1048576
2020/11/28-15:40:04.126875 116bbce00                      Options.use_adaptive_mutex: 0
2020/11/28-15:40:04.126876 116bbce00                            Options.rate_limiter: 0x0
2020/11/28-15:40:04.126879 116bbce00     Options.sst_file_manager.rate_bytes_per_sec: 0
2020/11/28-15:40:04.126906 116bbce00                       Options.wal_recovery_mode: 2
2020/11/28-15:40:04.126908 116bbce00                  Options.enable_thread_tracking: 0
2020/11/28-15:40:04.126909 116bbce00                  Options.enable_pipelined_write: 0
2020/11/28-15:40:04.126910 116bbce00                  Options.unordered_write: 0
2020/11/28-15:40:04.126911 116bbce00         Options.allow_concurrent_memtable_write: 1
2020/11/28-15:40:04.126912 116bbce00      Options.enable_write_thread_adaptive_yield: 1
2020/11/28-15:40:04.126913 116bbce00             Options.write_thread_max_yield_usec: 100
2020/11/28-15:40:04.126914 116bbce00            Options.write_thread_slow_yield_usec: 3
2020/11/28-15:40:04.126915 116bbce00                               Options.row_cache: None
2020/11/28-15:40:04.126916 116bbce00                              Options.wal_filter: None
2020/11/28-15:40:04.126917 116bbce00             Options.avoid_flush_during_recovery: 0
2020/11/28-15:40:04.126918 116bbce00             Options.allow_ingest_behind: 0
2020/11/28-15:40:04.126919 116bbce00             Options.preserve_deletes: 0
2020/11/28-15:40:04.126920 116bbce00             Options.two_write_queues: 0
2020/11/28-15:40:04.126921 116bbce00             Options.manual_wal_flush: 0
2020/11/28-15:40:04.126922 116bbce00             Options.atomic_flush: 1
2020/11/28-15:40:04.126923 116bbce00             Options.avoid_unnecessary_blocking_io: 0
2020/11/28-15:40:04.126924 116bbce00                 Options.persist_stats_to_disk: 0
2020/11/28-15:40:04.126925 116bbce00                 Options.write_dbid_to_manifest: 0
2020/11/28-15:40:04.126926 116bbce00                 Options.log_readahead_size: 0
2020/11/28-15:40:04.126927 116bbce00                 Options.file_checksum_gen_factory: Unknown
2020/11/28-15:40:04.126930 116bbce00                 Options.best_efforts_recovery: 0
2020/11/28-15:40:04.126931 116bbce00             Options.max_background_jobs: 12
2020/11/28-15:40:04.126932 116bbce00             Options.max_background_compactions: -1
2020/11/28-15:40:04.126933 116bbce00             Options.avoid_flush_during_shutdown: 0
2020/11/28-15:40:04.126934 116bbce00           Options.writable_file_max_buffer_size: 1048576
2020/11/28-15:40:04.126935 116bbce00             Options.delayed_write_rate : 16777216
2020/11/28-15:40:04.126936 116bbce00             Options.max_total_wal_size: 0
2020/11/28-15:40:04.126937 116bbce00             Options.delete_obsolete_files_period_micros: 21600000000
2020/11/28-15:40:04.126938 116bbce00                   Options.stats_dump_period_sec: 600
2020/11/28-15:40:04.126939 116bbce00                 Options.stats_persist_period_sec: 600
2020/11/28-15:40:04.126940 116bbce00                 Options.stats_history_buffer_size: 1048576
2020/11/28-15:40:04.126941 116bbce00                          Options.max_open_files: -1
2020/11/28-15:40:04.126942 116bbce00                          Options.bytes_per_sync: 0
2020/11/28-15:40:04.126943 116bbce00                      Options.wal_bytes_per_sync: 0
2020/11/28-15:40:04.126944 116bbce00                   Options.strict_bytes_per_sync: 0
2020/11/28-15:40:04.126945 116bbce00       Options.compaction_readahead_size: 0
2020/11/28-15:40:04.126946 116bbce00                  Options.max_background_flushes: -1
2020/11/28-15:40:04.126947 116bbce00 Compression algorithms supported:
2020/11/28-15:40:04.126949 116bbce00 	kZSTD supported: 0
2020/11/28-15:40:04.126950 116bbce00 	kZlibCompression supported: 0
2020/11/28-15:40:04.126951 116bbce00 	kXpressCompression supported: 0
2020/11/28-15:40:04.126952 116bbce00 	kSnappyCompression supported: 0
2020/11/28-15:40:04.126953 116bbce00 	kZSTDNotFinalCompression supported: 0
2020/11/28-15:40:04.126954 116bbce00 	kLZ4HCCompression supported: 0
2020/11/28-15:40:04.126955 116bbce00 	kLZ4Compression supported: 0
2020/11/28-15:40:04.126956 116bbce00 	kBZip2Compression supported: 0
2020/11/28-15:40:04.126960 116bbce00 Fast CRC32 supported: Supported on x86
2020/11/28-15:40:04.127481 116bbce00 [db/version_set.cc:4555] Recovering from manifest file: ./database/alphanet/MANIFEST-000169
2020/11/28-15:40:04.127588 116bbce00 [db/column_family.cc:579] --------------- Options for column family [default]:
2020/11/28-15:40:04.127592 116bbce00               Options.comparator: leveldb.BytewiseComparator
2020/11/28-15:40:04.127597 116bbce00           Options.merge_operator: None
2020/11/28-15:40:04.127599 116bbce00        Options.compaction_filter: None
2020/11/28-15:40:04.127600 116bbce00        Options.compaction_filter_factory: None
2020/11/28-15:40:04.127601 116bbce00         Options.memtable_factory: SkipListFactory
2020/11/28-15:40:04.127602 116bbce00            Options.table_factory: BlockBasedTable
2020/11/28-15:40:04.127619 116bbce00            table_factory options:   flush_block_policy_factory: FlushBlockBySizePolicyFactory (0x7fdb44c29470)
  cache_index_and_filter_blocks: 0
  cache_index_and_filter_blocks_with_high_priority: 1
  pin_l0_filter_and_index_blocks_in_cache: 0
  pin_top_level_index_and_filter: 1
  index_type: 0
  data_block_index_type: 0
  index_shortening: 1
  data_block_hash_table_util_ratio: 0.750000
  hash_index_allow_collision: 1
  checksum: 1
  no_block_cache: 0
  block_cache: 0x7fdb44c285d8
  block_cache_name: LRUCache
  block_cache_options:
    capacity : 8388608
    num_shard_bits : 4
    strict_capacity_limit : 0
    memory_allocator : None
    high_pri_pool_ratio: 0.000
  block_cache_compressed: 0x0
  persistent_cache: 0x0
  block_size: 4096
  block_size_deviation: 10
  block_restart_interval: 16
  index_block_restart_interval: 1
  metadata_block_size: 4096
  partition_filters: 0
  use_delta_encoding: 1
  filter_policy: nullptr
  whole_key_filtering: 1
  verify_compression: 0
  read_amp_bytes_per_bit: 0
  format_version: 4
  enable_index_compression: 1
  block_align: 0
2020/11/28-15:40:04.127621 116bbce00        Options.write_buffer_size: 67108864
2020/11/28-15:40:04.127622 116bbce00  Options.max_write_buffer_number: 2
2020/11/28-15:40:04.127625 116bbce00          Options.compression: NoCompression
2020/11/28-15:40:04.127626 116bbce00                  Options.bottommost_compression: Disabled
2020/11/28-15:40:04.127627 116bbce00       Options.prefix_extractor: nullptr
2020/11/28-15:40:04.127628 116bbce00   Options.memtable_insert_with_hint_prefix_extractor: nullptr
2020/11/28-15:40:04.127629 116bbce00             Options.num_levels: 7
2020/11/28-15:40:04.127630 116bbce00        Options.min_write_buffer_number_to_merge: 1
2020/11/28-15:40:04.127632 116bbce00     Options.max_write_buffer_number_to_maintain: 0
2020/11/28-15:40:04.127632 116bbce00     Options.max_write_buffer_size_to_maintain: 0
2020/11/28-15:40:04.127634 116bbce00            Options.bottommost_compression_opts.window_bits: -14
2020/11/28-15:40:04.127635 116bbce00                  Options.bottommost_compression_opts.level: 32767
2020/11/28-15:40:04.127636 116bbce00               Options.bottommost_compression_opts.strategy: 0
2020/11/28-15:40:04.127637 116bbce00         Options.bottommost_compression_opts.max_dict_bytes: 0
2020/11/28-15:40:04.127638 116bbce00         Options.bottommost_compression_opts.zstd_max_train_bytes: 0
2020/11/28-15:40:04.127639 116bbce00         Options.bottommost_compression_opts.parallel_threads: 1
2020/11/28-15:40:04.127640 116bbce00                  Options.bottommost_compression_opts.enabled: false
2020/11/28-15:40:04.127641 116bbce00            Options.compression_opts.window_bits: -14
2020/11/28-15:40:04.127642 116bbce00                  Options.compression_opts.level: 32767
2020/11/28-15:40:04.127643 116bbce00               Options.compression_opts.strategy: 0
2020/11/28-15:40:04.127644 116bbce00         Options.compression_opts.max_dict_bytes: 0
2020/11/28-15:40:04.127645 116bbce00         Options.compression_opts.zstd_max_train_bytes: 0
2020/11/28-15:40:04.127646 116bbce00         Options.compression_opts.parallel_threads: 1
2020/11/28-15:40:04.127647 116bbce00                  Options.compression_opts.enabled: false
2020/11/28-15:40:04.127648 116bbce00      Options.level0_file_num_compaction_trigger: 4
2020/11/28-15:40:04.127649 116bbce00          Options.level0_slowdown_writes_trigger: 20
2020/11/28-15:40:04.127670 116bbce00              Options.level0_stop_writes_trigger: 36
2020/11/28-15:40:04.127672 116bbce00                   Options.target_file_size_base: 67108864
2020/11/28-15:40:04.127673 116bbce00             Options.target_file_size_multiplier: 1
2020/11/28-15:40:04.127674 116bbce00                Options.max_bytes_for_level_base: 268435456
2020/11/28-15:40:04.127675 116bbce00 Options.level_compaction_dynamic_level_bytes: 0
2020/11/28-15:40:04.127676 116bbce00          Options.max_bytes_for_level_multiplier: 10.000000
2020/11/28-15:40:04.127678 116bbce00 Options.max_bytes_for_level_multiplier_addtl[0]: 1
2020/11/28-15:40:04.127679 116bbce00 Options.max_bytes_for_level_multiplier_addtl[1]: 1
2020/11/28-15:40:04.127680 116bbce00 Options.max_bytes_for_level_multiplier_addtl[2]: 1
2020/11/28-15:40:04.127681 116bbce00 Options.max_bytes_for_level_multiplier_addtl[3]: 1
2020/11/28-15:40:04.127682 116bbce00 Options.max_bytes_for_level_multiplier_addtl[4]: 1
2020/11/28-15:40:04.127683 116bbce00 Options.max_bytes_for_level_multiplier_addtl[5]: 1
2020/11/28-15:40:04.127684 116bbce00 Options.max_bytes_for_level_multiplier_addtl[6]: 1
2020/11/28-15:40:04.127685 116bbce00       Options.max_sequential_skip_in_iterations: 8
2020/11/28-15:40:04.127686 116bbce00                    Options.max_compaction_bytes: 1677721600
2020/11/28-15:40:04.127687 116bbce00                        Options.arena_block_size: 8388608
2020/11/28-15:40:04.127688 116bbce00   Options.soft_pending_compaction_bytes_limit: 68719476736
2020/11/28-15:40:04.127689 116bbce00   Options.hard_pending_compaction_bytes_limit: 274877906944
2020/11/28-15:40:04.127690 116bbce00       Options.rate_limit_delay_max_milliseconds: 100
2020/11/28-15:40:04.127691 116bbce00                Options.disable_auto_compactions: 0
2020/11/28-15:40:04.127692 116bbce00                        Options.compaction_style: kCompactionStyleLevel
2020/11/28-15:40:04.127694 116bbce00                          Options.compaction_pri: kMinOverlappingRatio
2020/11/28-15:40:04.127695 116bbce00 Options.compaction_options_universal.size_ratio: 1
2020/11/28-15:40:04.127696 116bbce00 Options.compaction_options_universal.min_merge_width: 2
2020/11/28-15:40:04.127697 116bbce00 Options.compaction_options_universal.max_merge_width: 4294967295
2020/11/28-15:40:04.127698 116bbce00 Options.compaction_options_universal.max_size_amplification_percent: 200
2020/11/28-15:40:04.127699 116bbce00 Options.compaction_options_universal.compression_size_percent: -1
2020/11/28-15:40:04.127700 116bbce00 Options.compaction_options_universal.stop_style: kCompactionStopStyleTotalSize
2020/11/28-15:40:04.127701 116bbce00 Options.compaction_options_fifo.max_table_files_size: 1073741824
2020/11/28-15:40:04.127702 116bbce00 Options.compaction_options_fifo.allow_compaction: 0
2020/11/28-15:40:04.127710 116bbce00                   Options.table_properties_collectors: 
2020/11/28-15:40:04.127712 116bbce00                   Options.inplace_update_support: 0
2020/11/28-15:40:04.127713 116bbce00                 Options.inplace_update_num_locks: 10000
2020/11/28-15:40:04.127714 116bbce00               Options.memtable_prefix_bloom_size_ratio: 0.000000
2020/11/28-15:40:04.127715 116bbce00               Options.memtable_whole_key_filtering: 0
2020/11/28-15:40:04.127716 116bbce00   Options.memtable_huge_page_size: 0
2020/11/28-15:40:04.127717 116bbce00                           Options.bloom_locality: 0
2020/11/28-15:40:04.127718 116bbce00                    Options.max_successive_merges: 0
2020/11/28-15:40:04.127719 116bbce00                Options.optimize_filters_for_hits: 0
2020/11/28-15:40:04.127720 116bbce00                Options.paranoid_file_checks: 0
2020/11/28-15:40:04.127721 116bbce00                Options.force_consistency_checks: 0
2020/11/28-15:40:04.127722 116bbce00                Options.report_bg_io_stats: 0
2020/11/28-15:40:04.127723 116bbce00                               Options.ttl: 2592000
2020/11/28-15:40:04.127724 116bbce00          Options.periodic_compaction_seconds: 0
2020/11/28-15:40:04.128161 116bbce00 [db/column_family.cc:579] --------------- Options for column family [message_id_to_message]:
2020/11/28-15:40:04.128165 116bbce00               Options.comparator: leveldb.BytewiseComparator
2020/11/28-15:40:04.128167 116bbce00           Options.merge_operator: None
2020/11/28-15:40:04.128168 116bbce00        Options.compaction_filter: None
2020/11/28-15:40:04.128169 116bbce00        Options.compaction_filter_factory: None
2020/11/28-15:40:04.128170 116bbce00         Options.memtable_factory: SkipListFactory
2020/11/28-15:40:04.128171 116bbce00            Options.table_factory: BlockBasedTable
2020/11/28-15:40:04.128189 116bbce00            table_factory options:   flush_block_policy_factory: FlushBlockBySizePolicyFactory (0x7fdb44c226a0)
  cache_index_and_filter_blocks: 0
  cache_index_and_filter_blocks_with_high_priority: 1
  pin_l0_filter_and_index_blocks_in_cache: 0
  pin_top_level_index_and_filter: 1
  index_type: 0
  data_block_index_type: 0
  index_shortening: 1
  data_block_hash_table_util_ratio: 0.750000
  hash_index_allow_collision: 1
  checksum: 1
  no_block_cache: 0
  block_cache: 0x7fdb44c226e8
  block_cache_name: LRUCache
  block_cache_options:
    capacity : 8388608
    num_shard_bits : 4
    strict_capacity_limit : 0
    memory_allocator : None
    high_pri_pool_ratio: 0.000
  block_cache_compressed: 0x0
  persistent_cache: 0x0
  block_size: 4096
  block_size_deviation: 10
  block_restart_interval: 16
  index_block_restart_interval: 1
  metadata_block_size: 4096
  partition_filters: 0
  use_delta_encoding: 1
  filter_policy: nullptr
  whole_key_filtering: 1
  verify_compression: 0
  read_amp_bytes_per_bit: 0
  format_version: 4
  enable_index_compression: 1
  block_align: 0
2020/11/28-15:40:04.128190 116bbce00        Options.write_buffer_size: 67108864
2020/11/28-15:40:04.128191 116bbce00  Options.max_write_buffer_number: 2
2020/11/28-15:40:04.128192 116bbce00          Options.compression: NoCompression
2020/11/28-15:40:04.128193 116bbce00                  Options.bottommost_compression: Disabled
2020/11/28-15:40:04.128194 116bbce00       Options.prefix_extractor: nullptr
2020/11/28-15:40:04.128195 116bbce00   Options.memtable_insert_with_hint_prefix_extractor: nullptr
2020/11/28-15:40:04.128197 116bbce00             Options.num_levels: 7
2020/11/28-15:40:04.128198 116bbce00        Options.min_write_buffer_number_to_merge: 1
2020/11/28-15:40:04.128199 116bbce00     Options.max_write_buffer_number_to_maintain: 0
2020/11/28-15:40:04.128200 116bbce00     Options.max_write_buffer_size_to_maintain: 0
2020/11/28-15:40:04.128201 116bbce00            Options.bottommost_compression_opts.window_bits: -14
2020/11/28-15:40:04.128202 116bbce00                  Options.bottommost_compression_opts.level: 32767
2020/11/28-15:40:04.128203 116bbce00               Options.bottommost_compression_opts.strategy: 0
2020/11/28-15:40:04.128204 116bbce00         Options.bottommost_compression_opts.max_dict_bytes: 0
2020/11/28-15:40:04.128205 116bbce00         Options.bottommost_compression_opts.zstd_max_train_bytes: 0
2020/11/28-15:40:04.128206 116bbce00         Options.bottommost_compression_opts.parallel_threads: 1
2020/11/28-15:40:04.128207 116bbce00                  Options.bottommost_compression_opts.enabled: false
2020/11/28-15:40:04.128208 116bbce00            Options.compression_opts.window_bits: -14
2020/11/28-15:40:04.128209 116bbce00                  Options.compression_opts.level: 32767
2020/11/28-15:40:04.128210 116bbce00               Options.compression_opts.strategy: 0
2020/11/28-15:40:04.128211 116bbce00         Options.compression_opts.max_dict_bytes: 0
2020/11/28-15:40:04.128212 116bbce00         Options.compression_opts.zstd_max_train_bytes: 0
2020/11/28-15:40:04.128213 116bbce00         Options.compression_opts.parallel_threads: 1
2020/11/28-15:40:04.128214 116bbce00                  Options.compression_opts.enabled: false
2020/11/28-15:40:04.128215 116bbce00      Options.level0_file_num_compaction_trigger: 4
2020/11/28-15:40:04.128216 116bbce00          Options.level0_slowdown_writes_trigger: 20
2020/11/28-15:40:04.128243 116bbce00              Options.level0_stop_writes_trigger: 36
2020/11/28-15:40:04.128245 116bbce00                   Options.target_file_size_base: 67108864
2020/11/28-15:40:04.128246 116bbce00             Options.target_file_size_multiplier: 1
2020/11/28-15:40:04.128247 116bbce00                Options.max_bytes_for_level_base: 268435456
2020/11/28-15:40:04.128248 116bbce00 Options.level_compaction_dynamic_level_bytes: 0
2020/11/28-15:40:04.128249 116bbce00          Options.max_bytes_for_level_multiplier: 10.000000
2020/11/28-15:40:04.128251 116bbce00 Options.max_bytes_for_level_multiplier_addtl[0]: 1
2020/11/28-15:40:04.128252 116bbce00 Options.max_bytes_for_level_multiplier_addtl[1]: 1
2020/11/28-15:40:04.128253 116bbce00 Options.max_bytes_for_level_multiplier_addtl[2]: 1
2020/11/28-15:40:04.128254 116bbce00 Options.max_bytes_for_level_multiplier_addtl[3]: 1
2020/11/28-15:40:04.128255 116bbce00 Options.max_bytes_for_level_multiplier_addtl[4]: 1
2020/11/28-15:40:04.128256 116bbce00 Options.max_bytes_for_level_multiplier_addtl[5]: 1
2020/11/28-15:40:04.128257 116bbce00 Options.max_bytes_for_level_multiplier_addtl[6]: 1
2020/11/28-15:40:04.128258 116bbce00       Options.max_sequential_skip_in_iterations: 8
2020/11/28-15:40:04.128259 116bbce00                    Options.max_compaction_bytes: 1677721600
2020/11/28-15:40:04.128260 116bbce00                        Options.arena_block_size: 8388608
2020/11/28-15:40:04.128261 116bbce00   Options.soft_pending_compaction_bytes_limit: 68719476736
2020/11/28-15:40:04.128262 116bbce00   Options.hard_pending_compaction_bytes_limit: 274877906944
2020/11/28-15:40:04.128263 116bbce00       Options.rate_limit_delay_max_milliseconds: 100
2020/11/28-15:40:04.128264 116bbce00                Options.disable_auto_compactions: 0
2020/11/28-15:40:04.128265 116bbce00                        Options.compaction_style: kCompactionStyleLevel
2020/11/28-15:40:04.128266 116bbce00                          Options.compaction_pri: kMinOverlappingRatio
2020/11/28-15:40:04.128267 116bbce00 Options.compaction_options_universal.size_ratio: 1
2020/11/28-15:40:04.128268 116bbce00 Options.compaction_options_universal.min_merge_width: 2
2020/11/28-15:40:04.128269 116bbce00 Options.compaction_options_universal.max_merge_width: 4294967295
2020/11/28-15:40:04.128270 116bbce00 Options.compaction_options_universal.max_size_amplification_percent: 200
2020/11/28-15:40:04.128271 116bbce00 Options.compaction_options_universal.compression_size_percent: -1
2020/11/28-15:40:04.128273 116bbce00 Options.compaction_options_universal.stop_style: kCompactionStopStyleTotalSize
2020/11/28-15:40:04.128274 116bbce00 Options.compaction_options_fifo.max_table_files_size: 1073741824
2020/11/28-15:40:04.128275 116bbce00 Options.compaction_options_fifo.allow_compaction: 0
2020/11/28-15:40:04.128276 116bbce00                   Options.table_properties_collectors: 
2020/11/28-15:40:04.128277 116bbce00                   Options.inplace_update_support: 0
2020/11/28-15:40:04.128278 116bbce00                 Options.inplace_update_num_locks: 10000
2020/11/28-15:40:04.128279 116bbce00               Options.memtable_prefix_bloom_size_ratio: 0.000000
2020/11/28-15:40:04.128280 116bbce00               Options.memtable_whole_key_filtering: 0
2020/11/28-15:40:04.128281 116bbce00   Options.memtable_huge_page_size: 0
2020/11/28-15:40:04.128282 116bbce00                           Options.bloom_locality: 0
2020/11/28-15:40:04.128283 116bbce00                    Options.max_successive_merges: 0
2020/11/28-15:40:04.128284 116bbce00                Options.optimize_filters_for_hits: 0
2020/11/28-15:40:04.128285 116bbce00                Options.paranoid_file_checks: 0
2020/11/28-15:40:04.128286 116bbce00                Options.force_consistency_checks: 0
2020/11/28-15:40:04.128287 116bbce00                Options.report_bg_io_stats: 0
2020/11/28-15:40:04.128288 116bbce00                               Options.ttl: 2592000
2020/11/28-15:40:04.128289 116bbce00          Options.periodic_compaction_seconds: 0
2020/11/28-15:40:04.128346 116bbce00 [db/column_family.cc:579] --------------- Options for column family [message_id_to_message_id]:
2020/11/28-15:40:04.128348 116bbce00               Options.comparator: leveldb.BytewiseComparator
2020/11/28-15:40:04.128349 116bbce00           Options.merge_operator: None
2020/11/28-15:40:04.128350 116bbce00        Options.compaction_filter: None
2020/11/28-15:40:04.128351 116bbce00        Options.compaction_filter_factory: None
2020/11/28-15:40:04.128352 116bbce00         Options.memtable_factory: SkipListFactory
2020/11/28-15:40:04.128353 116bbce00            Options.table_factory: BlockBasedTable
2020/11/28-15:40:04.128368 116bbce00            table_factory options:   flush_block_policy_factory: FlushBlockBySizePolicyFactory (0x7fdb44c23ee0)
  cache_index_and_filter_blocks: 0
  cache_index_and_filter_blocks_with_high_priority: 1
  pin_l0_filter_and_index_blocks_in_cache: 0
  pin_top_level_index_and_filter: 1
  index_type: 0
  data_block_index_type: 0
  index_shortening: 1
  data_block_hash_table_util_ratio: 0.750000
  hash_index_allow_collision: 1
  checksum: 1
  no_block_cache: 0
  block_cache: 0x7fdb44c23f28
  block_cache_name: LRUCache
  block_cache_options:
    capacity : 8388608
    num_shard_bits : 4
    strict_capacity_limit : 0
    memory_allocator : None
    high_pri_pool_ratio: 0.000
  block_cache_compressed: 0x0
  persistent_cache: 0x0
  block_size: 4096
  block_size_deviation: 10
  block_restart_interval: 16
  index_block_restart_interval: 1
  metadata_block_size: 4096
  partition_filters: 0
  use_delta_encoding: 1
  filter_policy: nullptr
  whole_key_filtering: 1
  verify_compression: 0
  read_amp_bytes_per_bit: 0
  format_version: 4
  enable_index_compression: 1
  block_align: 0
2020/11/28-15:40:04.128369 116bbce00        Options.write_buffer_size: 67108864
2020/11/28-15:40:04.128370 116bbce00  Options.max_write_buffer_number: 2
2020/11/28-15:40:04.128371 116bbce00          Options.compression: NoCompression
2020/11/28-15:40:04.128372 116bbce00                  Options.bottommost_compression: Disabled
2020/11/28-15:40:04.128373 116bbce00       Options.prefix_extractor: rocksdb.FixedPrefix.32
2020/11/28-15:40:04.128374 116bbce00   Options.memtable_insert_with_hint_prefix_extractor: nullptr
2020/11/28-15:40:04.128375 116bbce00             Options.num_levels: 7
2020/11/28-15:40:04.128376 116bbce00        Options.min_write_buffer_number_to_merge: 1
2020/11/28-15:40:04.128377 116bbce00     Options.max_write_buffer_number_to_maintain: 0
2020/11/28-15:40:04.128378 116bbce00     Options.max_write_buffer_size_to_maintain: 0
2020/11/28-15:40:04.128380 116bbce00            Options.bottommost_compression_opts.window_bits: -14
2020/11/28-15:40:04.128381 116bbce00                  Options.bottommost_compression_opts.level: 32767
2020/11/28-15:40:04.128382 116bbce00               Options.bottommost_compression_opts.strategy: 0
2020/11/28-15:40:04.128383 116bbce00         Options.bottommost_compression_opts.max_dict_bytes: 0
2020/11/28-15:40:04.128384 116bbce00         Options.bottommost_compression_opts.zstd_max_train_bytes: 0
2020/11/28-15:40:04.128385 116bbce00         Options.bottommost_compression_opts.parallel_threads: 1
2020/11/28-15:40:04.128386 116bbce00                  Options.bottommost_compression_opts.enabled: false
2020/11/28-15:40:04.128387 116bbce00            Options.compression_opts.window_bits: -14
2020/11/28-15:40:04.128388 116bbce00                  Options.compression_opts.level: 32767
2020/11/28-15:40:04.128389 116bbce00               Options.compression_opts.strategy: 0
2020/11/28-15:40:04.128390 116bbce00         Options.compression_opts.max_dict_bytes: 0
2020/11/28-15:40:04.128391 116bbce00         Options.compression_opts.zstd_max_train_bytes: 0
2020/11/28-15:40:04.128392 116bbce00         Options.compression_opts.parallel_threads: 1
2020/11/28-15:40:04.128393 116bbce00                  Options.compression_opts.enabled: false
2020/11/28-15:40:04.128394 116bbce00      Options.level0_file_num_compaction_trigger: 4
2020/11/28-15:40:04.128395 116bbce00          Options.level0_slowdown_writes_trigger: 20
2020/11/28-15:40:04.128413 116bbce00              Options.level0_stop_writes_trigger: 36
2020/11/28-15:40:04.128414 116bbce00                   Options.target_file_size_base: 67108864
2020/11/28-15:40:04.128415 116bbce00             Options.target_file_size_multiplier: 1
2020/11/28-15:40:04.128416 116bbce00                Options.max_bytes_for_level_base: 268435456
2020/11/28-15:40:04.128417 116bbce00 Options.level_compaction_dynamic_level_bytes: 0
2020/11/28-15:40:04.128418 116bbce00          Options.max_bytes_for_level_multiplier: 10.000000
2020/11/28-15:40:04.128420 116bbce00 Options.max_bytes_for_level_multiplier_addtl[0]: 1
2020/11/28-15:40:04.128421 116bbce00 Options.max_bytes_for_level_multiplier_addtl[1]: 1
2020/11/28-15:40:04.128422 116bbce00 Options.max_bytes_for_level_multiplier_addtl[2]: 1
2020/11/28-15:40:04.128423 116bbce00 Options.max_bytes_for_level_multiplier_addtl[3]: 1
2020/11/28-15:40:04.128424 116bbce00 Options.max_bytes_for_level_multiplier_addtl[4]: 1
2020/11/28-15:40:04.128425 116bbce00 Options.max_bytes_for_level_multiplier_addtl[5]: 1
2020/11/28-15:40:04.128426 116bbce00 Options.max_bytes_for_level_multiplier_addtl[6]: 1
2020/11/28-15:40:04.128427 116bbce00       Options.max_sequential_skip_in_iterations: 8
2020/11/28-15:40:04.128428 116bbce00                    Options.max_compaction_bytes: 1677721600
2020/11/28-15:40:04.128429 116bbce00                        Options.arena_block_size: 8388608
2020/11/28-15:40:04.128430 116bbce00   Options.soft_pending_compaction_bytes_limit: 68719476736
2020/11/28-15:40:04.128431 116bbce00   Options.hard_pending_compaction_bytes_limit: 274877906944
2020/11/28-15:40:04.128432 116bbce00       Options.rate_limit_delay_max_milliseconds: 100
2020/11/28-15:40:04.128433 116bbce00                Options.disable_auto_compactions: 0
2020/11/28-15:40:04.128434 116bbce00                        Options.compaction_style: kCompactionStyleLevel
2020/11/28-15:40:04.128435 116bbce00                          Options.compaction_pri: kMinOverlappingRatio
2020/11/28-15:40:04.128436 116bbce00 Options.compaction_options_universal.size_ratio: 1
2020/11/28-15:40:04.128437 116bbce00 Options.compaction_options_universal.min_merge_width: 2
2020/11/28-15:40:04.128438 116bbce00 Options.compaction_options_universal.max_merge_width: 4294967295
2020/11/28-15:40:04.128439 116bbce00 Options.compaction_options_universal.max_size_amplification_percent: 200
2020/11/28-15:40:04.128440 116bbce00 Options.compaction_options_universal.compression_size_percent: -1
2020/11/28-15:40:04.128441 116bbce00 Options.compaction_options_universal.stop_style: kCompactionStopStyleTotalSize
2020/11/28-15:40:04.128442 116bbce00 Options.compaction_options_fifo.max_table_files_size: 1073741824
2020/11/28-15:40:04.128443 116bbce00 Options.compaction_options_fifo.allow_compaction: 0
2020/11/28-15:40:04.128445 116bbce00                   Options.table_properties_collectors: 
2020/11/28-15:40:04.128446 116bbce00                   Options.inplace_update_support: 0
2020/11/28-15:40:04.128447 116bbce00                 Options.inplace_update_num_locks: 10000
2020/11/28-15:40:04.128448 116bbce00               Options.memtable_prefix_bloom_size_ratio: 0.000000
2020/11/28-15:40:04.128449 116bbce00               Options.memtable_whole_key_filtering: 0
2020/11/28-15:40:04.128450 116bbce00   Options.memtable_huge_page_size: 0
2020/11/28-15:40:04.128451 116bbce00                           Options.bloom_locality: 0
2020/11/28-15:40:04.128452 116bbce00                    Options.max_successive_merges: 0
2020/11/28-15:40:04.128453 116bbce00                Options.optimize_filters_for_hits: 0
2020/11/28-15:40:04.128454 116bbce00                Options.paranoid_file_checks: 0
2020/11/28-15:40:04.128455 116bbce00                Options.force_consistency_checks: 0
2020/11/28-15:40:04.128456 116bbce00                Options.report_bg_io_stats: 0
2020/11/28-15:40:04.128456 116bbce00                               Options.ttl: 2592000
2020/11/28-15:40:04.128457 116bbce00          Options.periodic_compaction_seconds: 0
2020/11/28-15:40:04.128518 116bbce00 [db/column_family.cc:579] --------------- Options for column family [index_to_message_id]:
2020/11/28-15:40:04.128521 116bbce00               Options.comparator: leveldb.BytewiseComparator
2020/11/28-15:40:04.128522 116bbce00           Options.merge_operator: None
2020/11/28-15:40:04.128523 116bbce00        Options.compaction_filter: None
2020/11/28-15:40:04.128524 116bbce00        Options.compaction_filter_factory: None
2020/11/28-15:40:04.128525 116bbce00         Options.memtable_factory: SkipListFactory
2020/11/28-15:40:04.128526 116bbce00            Options.table_factory: BlockBasedTable
2020/11/28-15:40:04.128540 116bbce00            table_factory options:   flush_block_policy_factory: FlushBlockBySizePolicyFactory (0x7fdb44c24ad0)
  cache_index_and_filter_blocks: 0
  cache_index_and_filter_blocks_with_high_priority: 1
  pin_l0_filter_and_index_blocks_in_cache: 0
  pin_top_level_index_and_filter: 1
  index_type: 0
  data_block_index_type: 0
  index_shortening: 1
  data_block_hash_table_util_ratio: 0.750000
  hash_index_allow_collision: 1
  checksum: 1
  no_block_cache: 0
  block_cache: 0x7fdb44c24b18
  block_cache_name: LRUCache
  block_cache_options:
    capacity : 8388608
    num_shard_bits : 4
    strict_capacity_limit : 0
    memory_allocator : None
    high_pri_pool_ratio: 0.000
  block_cache_compressed: 0x0
  persistent_cache: 0x0
  block_size: 4096
  block_size_deviation: 10
  block_restart_interval: 16
  index_block_restart_interval: 1
  metadata_block_size: 4096
  partition_filters: 0
  use_delta_encoding: 1
  filter_policy: nullptr
  whole_key_filtering: 1
  verify_compression: 0
  read_amp_bytes_per_bit: 0
  format_version: 4
  enable_index_compression: 1
  block_align: 0
2020/11/28-15:40:04.128542 116bbce00        Options.write_buffer_size: 67108864
2020/11/28-15:40:04.128543 116bbce00  Options.max_write_buffer_number: 2
2020/11/28-15:40:04.128544 116bbce00          Options.compression: NoCompression
2020/11/28-15:40:04.128545 116bbce00                  Options.bottommost_compression: Disabled
2020/11/28-15:40:04.128546 116bbce00       Options.prefix_extractor: rocksdb.FixedPrefix.32
2020/11/28-15:40:04.128547 116bbce00   Options.memtable_insert_with_hint_prefix_extractor: nullptr
2020/11/28-15:40:04.128548 116bbce00             Options.num_levels: 7
2020/11/28-15:40:04.128549 116bbce00        Options.min_write_buffer_number_to_merge: 1
2020/11/28-15:40:04.128550 116bbce00     Options.max_write_buffer_number_to_maintain: 0
2020/11/28-15:40:04.128551 116bbce00     Options.max_write_buffer_size_to_maintain: 0
2020/11/28-15:40:04.128552 116bbce00            Options.bottommost_compression_opts.window_bits: -14
2020/11/28-15:40:04.128553 116bbce00                  Options.bottommost_compression_opts.level: 32767
2020/11/28-15:40:04.128554 116bbce00               Options.bottommost_compression_opts.strategy: 0
2020/11/28-15:40:04.128555 116bbce00         Options.bottommost_compression_opts.max_dict_bytes: 0
2020/11/28-15:40:04.128556 116bbce00         Options.bottommost_compression_opts.zstd_max_train_bytes: 0
2020/11/28-15:40:04.128557 116bbce00         Options.bottommost_compression_opts.parallel_threads: 1
2020/11/28-15:40:04.128558 116bbce00                  Options.bottommost_compression_opts.enabled: false
2020/11/28-15:40:04.128559 116bbce00            Options.compression_opts.window_bits: -14
2020/11/28-15:40:04.128560 116bbce00                  Options.compression_opts.level: 32767
2020/11/28-15:40:04.128561 116bbce00               Options.compression_opts.strategy: 0
2020/11/28-15:40:04.128562 116bbce00         Options.compression_opts.max_dict_bytes: 0
2020/11/28-15:40:04.128563 116bbce00         Options.compression_opts.zstd_max_train_bytes: 0
2020/11/28-15:40:04.128564 116bbce00         Options.compression_opts.parallel_threads: 1
2020/11/28-15:40:04.128565 116bbce00                  Options.compression_opts.enabled: false
2020/11/28-15:40:04.128566 116bbce00      Options.level0_file_num_compaction_trigger: 4
2020/11/28-15:40:04.128585 116bbce00          Options.level0_slowdown_writes_trigger: 20
2020/11/28-15:40:04.128586 116bbce00              Options.level0_stop_writes_trigger: 36
2020/11/28-15:40:04.128587 116bbce00                   Options.target_file_size_base: 67108864
2020/11/28-15:40:04.128588 116bbce00             Options.target_file_size_multiplier: 1
2020/11/28-15:40:04.128589 116bbce00                Options.max_bytes_for_level_base: 268435456
2020/11/28-15:40:04.128590 116bbce00 Options.level_compaction_dynamic_level_bytes: 0
2020/11/28-15:40:04.128591 116bbce00          Options.max_bytes_for_level_multiplier: 10.000000
2020/11/28-15:40:04.128592 116bbce00 Options.max_bytes_for_level_multiplier_addtl[0]: 1
2020/11/28-15:40:04.128593 116bbce00 Options.max_bytes_for_level_multiplier_addtl[1]: 1
2020/11/28-15:40:04.128594 116bbce00 Options.max_bytes_for_level_multiplier_addtl[2]: 1
2020/11/28-15:40:04.128595 116bbce00 Options.max_bytes_for_level_multiplier_addtl[3]: 1
2020/11/28-15:40:04.128596 116bbce00 Options.max_bytes_for_level_multiplier_addtl[4]: 1
2020/11/28-15:40:04.128597 116bbce00 Options.max_bytes_for_level_multiplier_addtl[5]: 1
2020/11/28-15:40:04.128598 116bbce00 Options.max_bytes_for_level_multiplier_addtl[6]: 1
2020/11/28-15:40:04.128599 116bbce00       Options.max_sequential_skip_in_iterations: 8
2020/11/28-15:40:04.128600 116bbce00                    Options.max_compaction_bytes: 1677721600
2020/11/28-15:40:04.128601 116bbce00                        Options.arena_block_size: 8388608
2020/11/28-15:40:04.128602 116bbce00   Options.soft_pending_compaction_bytes_limit: 68719476736
2020/11/28-15:40:04.128603 116bbce00   Options.hard_pending_compaction_bytes_limit: 274877906944
2020/11/28-15:40:04.128604 116bbce00       Options.rate_limit_delay_max_milliseconds: 100
2020/11/28-15:40:04.128605 116bbce00                Options.disable_auto_compactions: 0
2020/11/28-15:40:04.128606 116bbce00                        Options.compaction_style: kCompactionStyleLevel
2020/11/28-15:40:04.128607 116bbce00                          Options.compaction_pri: kMinOverlappingRatio
2020/11/28-15:40:04.128608 116bbce00 Options.compaction_options_universal.size_ratio: 1
2020/11/28-15:40:04.128609 116bbce00 Options.compaction_options_universal.min_merge_width: 2
2020/11/28-15:40:04.128610 116bbce00 Options.compaction_options_universal.max_merge_width: 4294967295
2020/11/28-15:40:04.128611 116bbce00 Options.compaction_options_universal.max_size_amplification_percent: 200
2020/11/28-15:40:04.128612 116bbce00 Options.compaction_options_universal.compression_size_percent: -1
2020/11/28-15:40:04.128614 116bbce00 Options.compaction_options_universal.stop_style: kCompactionStopStyleTotalSize
2020/11/28-15:40:04.128615 116bbce00 Options.compaction_options_fifo.max_table_files_size: 1073741824
2020/11/28-15:40:04.128616 116bbce00 Options.compaction_options_fifo.allow_compaction: 0
2020/11/28-15:40:04.128617 116bbce00                   Options.table_properties_collectors: 
